    2    5    6
208.980 78.960
    1    1  1.0000  0.0000  0.0000
 -2.477030  -0.000000   0.002575
  0.655365   0.000000  -0.000481
  2.218439   0.000000  -0.000739
 -0.469934  -0.000000  -0.000650
  0.073162   0.000000  -0.000705
    1    2  0.0000  0.0000  1.0000
 -0.000000  -0.000000  -8.504037
  0.000000   0.000000   1.291130
  0.000000   0.000000   5.442862
 -0.000000  -0.000000  -0.294523
  0.000000   0.000000   2.064569
    3    1  1.0000  0.0000  0.0000
  2.221220   0.000000   0.000287
 -0.469143  -0.000000  -0.000144
 -3.462463  -0.000000   0.000001
  0.437112   0.000000  -0.000093
  1.273274   0.000000  -0.000051
    3    2  0.0000  0.0000  1.0000
  0.000000   0.000000   5.445107
 -0.000000  -0.000000  -0.292842
 -0.000000  -0.000000  -5.999798
  0.000000   0.000000   0.218773
  0.000000   0.000000   0.628760
    5    1  1.0000  0.0000  0.0000
  0.072474   0.000000   0.000046
  0.072427   0.000000   0.000014
  1.275473   0.000000  -0.000134
  1.275287   0.000000  -0.000139
 -2.695661  -0.000000   0.000212
    5    2  0.0000  0.0000  1.0000
  0.000000   0.000000   2.059672
  0.000000   0.000000   2.060082
  0.000000   0.000000   0.634034
  0.000000   0.000000   0.633323
 -0.000000  -0.000000  -5.387110
