# epsilon and Z* of atoms PDielec/PDGui file format 
   3.27607426   -0.00000000    0.00000000    0.00000000    3.27607426    0.00000000    0.00000000    0.00000000    3.23683513 
   2.95996414   -0.02948839    0.00000000    0.02948839    2.95996414    0.00000000    0.00000000    0.00000000    2.92951772 
   2.95996414   -0.02948839    0.00000000    0.02948839    2.95996414    0.00000000    0.00000000    0.00000000    2.92951772 
   2.95996414    0.02948839    0.00000000   -0.02948839    2.95996414    0.00000000    0.00000000    0.00000000    2.92951772 
   2.95996414    0.02948839    0.00000000   -0.02948839    2.95996414    0.00000000    0.00000000    0.00000000    2.92951772 
   2.95996414   -0.02948839    0.00000000    0.02948839    2.95996414    0.00000000    0.00000000    0.00000000    2.92951772 
   2.95996414   -0.02948839    0.00000000    0.02948839    2.95996414    0.00000000    0.00000000    0.00000000    2.92951772 
   2.95996414    0.02948839    0.00000000   -0.02948839    2.95996414    0.00000000    0.00000000    0.00000000    2.92951772 
   2.95996414    0.02948839    0.00000000   -0.02948839    2.95996414    0.00000000    0.00000000    0.00000000    2.92951772 
   2.95996414   -0.02948839    0.00000000    0.02948839    2.95996414    0.00000000    0.00000000    0.00000000    2.92951772 
   2.95996414   -0.02948839    0.00000000    0.02948839    2.95996414    0.00000000    0.00000000    0.00000000    2.92951772 
   2.95996414    0.02948839    0.00000000   -0.02948839    2.95996414    0.00000000    0.00000000    0.00000000    2.92951772 
   2.95996414    0.02948839    0.00000000   -0.02948839    2.95996414    0.00000000    0.00000000    0.00000000    2.92951772 
  -2.07319123    0.00000000    0.00000000   -0.00000000   -1.87342763    0.25818161   -0.00000000    0.35167360   -1.95301181 
  -2.07319123    0.00000000    0.00000000   -0.00000000   -1.87342763    0.25818161   -0.00000000    0.35167360   -1.95301181 
  -1.92336853    0.08650018   -0.22359183    0.08650018   -2.02325033   -0.12909081   -0.30455827   -0.17583680   -1.95301181 
  -1.92336853    0.08650018   -0.22359183    0.08650018   -2.02325033   -0.12909081   -0.30455827   -0.17583680   -1.95301181 
  -1.92336853   -0.08650018    0.22359183   -0.08650018   -2.02325033   -0.12909080    0.30455827   -0.17583680   -1.95301181 
  -1.92336853   -0.08650018    0.22359183   -0.08650018   -2.02325033   -0.12909080    0.30455827   -0.17583680   -1.95301181 
  -2.07319123    0.00000000    0.00000000   -0.00000000   -1.87342763    0.25818161   -0.00000000    0.35167360   -1.95301181 
  -2.07319123    0.00000000    0.00000000   -0.00000000   -1.87342763    0.25818161   -0.00000000    0.35167360   -1.95301181 
  -1.92336853    0.08650018   -0.22359183    0.08650018   -2.02325033   -0.12909081   -0.30455827   -0.17583680   -1.95301181 
  -1.92336853    0.08650018   -0.22359183    0.08650018   -2.02325033   -0.12909081   -0.30455827   -0.17583680   -1.95301181 
  -1.92336853   -0.08650018    0.22359183   -0.08650018   -2.02325033   -0.12909080    0.30455827   -0.17583680   -1.95301181 
  -1.92336853   -0.08650018    0.22359183   -0.08650018   -2.02325033   -0.12909080    0.30455827   -0.17583680   -1.95301181 
  -2.07319123    0.00000000    0.00000000   -0.00000000   -1.87342763    0.25818161   -0.00000000    0.35167360   -1.95301181 
  -2.07319123    0.00000000    0.00000000   -0.00000000   -1.87342763    0.25818161   -0.00000000    0.35167360   -1.95301181 
  -1.92336853    0.08650018   -0.22359183    0.08650018   -2.02325033   -0.12909081   -0.30455827   -0.17583680   -1.95301181 
  -1.92336853    0.08650018   -0.22359183    0.08650018   -2.02325033   -0.12909081   -0.30455827   -0.17583680   -1.95301181 
  -1.92336853   -0.08650018    0.22359183   -0.08650018   -2.02325033   -0.12909080    0.30455827   -0.17583680   -1.95301181 
  -1.92336853   -0.08650018    0.22359183   -0.08650018   -2.02325033   -0.12909080    0.30455827   -0.17583680   -1.95301181 
Command finished
