ZNO FREQUENCY 
CRYSTAL
0 0 0
186
   3.28333214    5.26614944
2
30    0.333333333333333   0.666666666666667   7.167905190921E-04
 8    0.333333333333333   0.666666666666667   3.817832094809E-01
FREQCALC
NOOPTGEOM
NOECKART
INTENS
INTCPHF
END
END
END
30 8 
0 0 8 2.0 1.0
 417016.5 0.00023 
 60504.2 0.00192 
 12907.9 0.01101 
 3375.74 0.04978 
 1018.11 0.16918 
 352.55 0.36771 
 138.19 0.40244 
 57.851 0.14386 
0 1 6 8.0 1.0
 1079.2 -0.00620 0.00889 
 256.52 -0.07029 0.06384 
 85.999 -0.13721 0.22039 
 34.318 0.26987 0.40560 
 14.348 0.59918 0.41370 
 4.7769 0.32239 0.34974 
0 1 4 8.0 1.0
 60.891 0.00679 -0.00895 
 25.082 -0.08468 -0.03333 
 10.620 -0.34709 0.08119 
 4.3076 0.40633 0.56518 
0 1 1 2.0 1.0
 1.6868 1.0 1.0
0 1 1 0.0 1.0
 0.62679 1.0 1.0
0 1 1 0.0 1.0
 0.15033 1.0 1.0
0 3 4 10.0 1.0
 57.345 0.02857
 16.082 0.15686
 5.3493 0.38663
 1.7548 0.47766
0 3 1 0.0 1.0
 0.51592 1.0
8 5
0 0 8 2.0 1.0
 8020.0 0.00108
 1338.0 0.00804
 255.4 0.05324
 69.22 0.1681
 23.90 0.3581
 9.264 0.3855
 3.851 0.1468
 1.212 0.0728
0 1 4 6.0 1.0
 49.43 -0.00883 0.00958
 10.47 -0.0915 0.0696
 3.235 -0.0402 0.2065
 1.217 0.379 0.347
0 1 1 0.0 1.0
 0.4520495 1.0 1.0
0 1 1 0.0 1.0
 0.1678880 1.0 1.0
0 3 1 0.0 1.0
 0.4509895 1.0
99   0
END
NOSYMADA
SCFDIR
DFT
PBEXC
XLGRID
END
SHRINK
8 8
TOLINTEG
7 7 7 7 14
FMIXING
30
LEVSHIFT
5 0
TOLDEE
10
MAXCYCLE 
70
END
