PEAD_JK     0.0100000     0.0000000     0.0000000
Direction    1
F_INIT
    -0.0000000    -0.0000000    30.2668656
    -0.0000000     0.0000000   -30.2668656
    -0.0000000    -0.0000000  -200.6291532
    -0.0000000     0.0000000   200.6291532
   -82.8230328   -82.8230328    56.3644448
   -82.8230328    82.8230328   -56.3644448
    82.8230328    82.8230328    56.3644455
    82.8230328   -82.8230328   -56.3644455
   -35.7789384   -35.7789384   -25.5561926
   -35.7789384    35.7789384    25.5561926
    35.7789384    35.7789384   -25.5561926
    35.7789384   -35.7789384    25.5561926
   -10.0832049   -10.0832049    62.6324217
   -10.0832049    10.0832049   -62.6324217
    10.0832049    10.0832049    62.6324217
    10.0832049   -10.0832049   -62.6324217
TIFOR
     0.0235489    -0.0112640    30.2668528
     0.0235489     0.0112640   -30.2668528
     0.0535026    -0.0019458  -200.6291410
     0.0535026     0.0019458   200.6291410
   -82.7705197   -82.8187705    56.3619145
   -82.7705197    82.8187705   -56.3619145
    82.8755383    82.8273002    56.3669294
    82.8755383   -82.8273002   -56.3669294
   -35.7749124   -35.7817603   -25.5578502
   -35.7749124    35.7817603    25.5578502
    35.7829514    35.7761017   -25.5545362
    35.7829514   -35.7761017    25.5545362
   -10.0765540   -10.0824274    62.6320383
   -10.0765540    10.0824274   -62.6320383
    10.0898543    10.0839800    62.6328017
    10.0898543   -10.0839800   -62.6328017
EWFOR
    -3.7157655     0.0512449     0.0000329
    -3.7157655    -0.0512449    -0.0000329
    -4.3997931     0.0499364     0.0001403
    -4.3997931    -0.0499364    -0.0001403
    -4.1402386     0.0425516     0.0041630
    -4.1402386    -0.0425516    -0.0041630
    -4.1404083     0.0427563    -0.0043410
    -4.1404083    -0.0427563     0.0043410
    -0.9906252    -0.0069460    -0.0061505
    -0.9906252     0.0069460     0.0061505
    -0.9906529    -0.0069711     0.0061622
    -0.9906529     0.0069711    -0.0061622
    -0.9819819     0.0015190    -0.0003880
    -0.9819819    -0.0015190     0.0003880
    -0.9819814     0.0015164     0.0003808
    -0.9819814    -0.0015164    -0.0003808
SIF_INIT
   720.9737256     0.0000000     0.0000000
     0.0000000   720.9737256     0.0000000
     0.0000000     0.0000000  -304.0690352
TSIF
   720.9737446     0.0000000     0.0000000
     0.0000000   720.9738127    -0.0126023
     0.0000000    -0.0126023  -304.0689813
EWSIF
    -0.0012241     0.0000000     0.0000000
     0.0000000    -0.0009693    -0.0337771
     0.0000000    -0.0337771    -0.0008053
PEAD_JK     0.0000000     0.0100000     0.0000000
Direction    2
F_INIT
     0.0000000    -0.0000000    30.2668559
    -0.0000000    -0.0000000   -30.2668559
     0.0000000     0.0000000  -200.6291479
    -0.0000000     0.0000000   200.6291479
   -82.8230310   -82.8230310    56.3644210
   -82.8230311    82.8230311   -56.3644217
    82.8230311    82.8230311    56.3644217
    82.8230310   -82.8230310   -56.3644210
   -35.7789387   -35.7789387   -25.5561985
   -35.7789387    35.7789387    25.5561985
    35.7789387    35.7789387   -25.5561985
    35.7789387   -35.7789387    25.5561985
   -10.0832050   -10.0832050    62.6324238
   -10.0832050    10.0832050   -62.6324238
    10.0832050    10.0832050    62.6324238
    10.0832050   -10.0832050   -62.6324238
TIFOR
    -0.0112640     0.0235489    30.2668528
     0.0112640     0.0235489   -30.2668528
    -0.0019458     0.0535026  -200.6291410
     0.0019458     0.0535026   200.6291410
   -82.8187705   -82.7705197    56.3619145
   -82.8273001    82.8755383   -56.3669294
    82.8273001    82.8755383    56.3669294
    82.8187705   -82.7705197   -56.3619145
   -35.7817602   -35.7749124   -25.5578502
   -35.7761017    35.7829514    25.5545362
    35.7761017    35.7829514   -25.5545362
    35.7817602   -35.7749124    25.5578502
   -10.0824274   -10.0765540    62.6320383
   -10.0839800    10.0898543   -62.6328017
    10.0839800    10.0898543    62.6328017
    10.0824274   -10.0765540   -62.6320383
EWFOR
     0.0512449    -3.7157655     0.0000329
    -0.0512449    -3.7157655    -0.0000329
     0.0499364    -4.3997931     0.0001403
    -0.0499364    -4.3997931    -0.0001403
     0.0425516    -4.1402386     0.0041630
    -0.0427563    -4.1404083     0.0043410
     0.0427563    -4.1404083    -0.0043410
    -0.0425516    -4.1402386    -0.0041630
    -0.0069460    -0.9906252    -0.0061505
     0.0069711    -0.9906529    -0.0061622
    -0.0069711    -0.9906529     0.0061622
     0.0069460    -0.9906252     0.0061505
     0.0015190    -0.9819819    -0.0003880
    -0.0015164    -0.9819814    -0.0003808
     0.0015164    -0.9819814     0.0003808
    -0.0015190    -0.9819819     0.0003880
SIF_INIT
   720.9738152     0.0000000    -0.0000000
     0.0000000   720.9738152     0.0000000
    -0.0000000     0.0000000  -304.0690291
TSIF
   720.9738127     0.0000000    -0.0126023
     0.0000000   720.9737446     0.0000000
    -0.0126023     0.0000000  -304.0689812
EWSIF
    -0.0009693     0.0000000    -0.0337771
     0.0000000    -0.0012241     0.0000000
    -0.0337771     0.0000000    -0.0008053
PEAD_JK     0.0000000     0.0000000     0.0100000
Direction    3
F_INIT
     0.0000000     0.0000000    30.2668571
     0.0000000     0.0000000   -30.2668571
     0.0000000     0.0000000  -200.6291497
     0.0000000     0.0000000   200.6291497
   -82.8230314   -82.8230314    56.3644239
   -82.8230314    82.8230314   -56.3644239
    82.8230314    82.8230314    56.3644239
    82.8230314   -82.8230314   -56.3644239
   -35.7789382   -35.7789382   -25.5561975
   -35.7789382    35.7789382    25.5561975
    35.7789382    35.7789382   -25.5561975
    35.7789382   -35.7789382    25.5561975
   -10.0832050   -10.0832050    62.6324228
   -10.0832050    10.0832050   -62.6324228
    10.0832050    10.0832050    62.6324228
    10.0832050   -10.0832050   -62.6324228
TIFOR
     0.0000000     0.0000000    30.2754056
     0.0000000     0.0000000   -30.2582971
     0.0000000     0.0000000  -200.5580895
     0.0000000     0.0000000   200.7001856
   -82.8255742   -82.8255742    56.4159504
   -82.8204870    82.8204870   -56.3129114
    82.8255742    82.8255742    56.4159504
    82.8204870   -82.8204870   -56.3129114
   -35.7808617   -35.7808617   -25.5489360
   -35.7770097    35.7770097    25.5634583
    35.7808617    35.7808617   -25.5489360
    35.7770097   -35.7770097    25.5634583
   -10.0842734   -10.0842734    62.6353573
   -10.0821371    10.0821371   -62.6294520
    10.0842734    10.0842734    62.6353573
    10.0821371   -10.0821371   -62.6294520
EWFOR
     0.0000000     0.0000000    -3.6653215
     0.0000000     0.0000000    -3.6652322
     0.0000000     0.0000000    -4.4630620
     0.0000000     0.0000000    -4.4646669
    -0.0021170    -0.0021170    -4.1040322
     0.0021565    -0.0021565    -4.1044369
     0.0021170     0.0021170    -4.1040322
    -0.0021565     0.0021565    -4.1044369
    -0.0060071    -0.0060071    -0.9850156
     0.0060186    -0.0060186    -0.9850330
     0.0060071     0.0060071    -0.9850156
    -0.0060186     0.0060186    -0.9850330
    -0.0004719    -0.0004719    -1.0004139
     0.0004697    -0.0004697    -1.0003341
     0.0004719     0.0004719    -1.0004139
    -0.0004697     0.0004697    -1.0003341
SIF_INIT
   720.9738084    -0.0000000     0.0000000
    -0.0000000   720.9738084     0.0000000
     0.0000000     0.0000000  -304.0690270
TSIF
   720.9738181    -0.0154685     0.0000000
    -0.0154685   720.9738181     0.0000000
     0.0000000     0.0000000  -304.0690251
EWSIF
    -0.0014963    -0.0537224     0.0000000
    -0.0537224    -0.0014963     0.0000000
     0.0000000     0.0000000    -0.0014266
