
Single Crystal Results
      freq       r_p       r_s       t_p       t_s       a_p       a_s
      0.00   1.00000   1.00000  -0.00000   0.00000  -0.00000  -0.00000
      0.20   1.00000   1.00000  -0.00000   0.00000   0.00000   0.00000
      0.40   1.00000   1.00000   0.00000   0.00000   0.00000   0.00000
      0.60   1.00000   1.00000   0.00000   0.00000   0.00000   0.00000
      0.80   1.00000   1.00000  -0.00000   0.00000   0.00000   0.00000
      1.00   1.00000   1.00000   0.00000   0.00000   0.00000   0.00000
      1.20   1.00000   1.00000   0.00000  -0.00000   0.00000   0.00000
      1.40   1.00000   1.00000  -0.00000   0.00000   0.00000   0.00000
      1.60   1.00000   1.00000  -0.00000  -0.00000   0.00000   0.00000
      1.80   1.00000   1.00000  -0.00000   0.00000   0.00000   0.00000
      2.00   1.00000   1.00000  -0.00000  -0.00000   0.00000   0.00000
      2.20   1.00000   1.00000   0.00000   0.00000   0.00000   0.00000
      2.40   1.00000   1.00000   0.00000   0.00000   0.00000   0.00000
      2.60   1.00000   1.00000   0.00000   0.00000   0.00000   0.00000
      2.80   1.00000   1.00000   0.00000   0.00000   0.00000   0.00000
      3.00   1.00000   1.00000   0.00000   0.00000   0.00000   0.00000
      3.20   1.00000   1.00000   0.00000  -0.00000   0.00000   0.00000
      3.40   1.00000   1.00000   0.00000  -0.00000   0.00000   0.00000
      3.60   1.00000   1.00000   0.00000  -0.00000   0.00000   0.00000
      3.80   1.00000   1.00000  -0.00000  -0.00000   0.00000   0.00000
      4.00   1.00000   1.00000   0.00000   0.00000   0.00000   0.00000
      4.20   1.00000   1.00000  -0.00000   0.00000   0.00000   0.00000
      4.40   1.00000   1.00000   0.00000   0.00000   0.00000   0.00000
      4.60   1.00000   1.00000   0.00000   0.00000   0.00000   0.00000
      4.80   1.00000   1.00000   0.00000  -0.00000   0.00000   0.00000
      5.00   1.00000   1.00000  -0.00000  -0.00000   0.00000   0.00000
      5.20   1.00000   1.00000  -0.00000   0.00000   0.00000   0.00000
      5.40   1.00000   1.00000  -0.00000   0.00000   0.00000   0.00000
      5.60   1.00000   1.00000  -0.00000   0.00000   0.00000   0.00000
      5.80   1.00000   1.00000   0.00000   0.00000   0.00000   0.00000
      6.00   1.00000   1.00000  -0.00000   0.00000   0.00000   0.00000
      6.20   1.00000   1.00000  -0.00000  -0.00000   0.00000   0.00000
      6.40   1.00000   1.00000   0.00000   0.00000   0.00000   0.00000
      6.60   1.00000   1.00000   0.00000   0.00000   0.00000   0.00000
      6.80   1.00000   1.00000  -0.00000   0.00000   0.00000   0.00000
      7.00   1.00000   1.00000   0.00000   0.00000   0.00000   0.00000
      7.20   1.00000   1.00000   0.00000   0.00000   0.00000   0.00000
      7.40   1.00000   1.00000   0.00000   0.00000   0.00000   0.00000
      7.60   1.00000   1.00000   0.00000   0.00000   0.00000   0.00000
      7.80   1.00000   1.00000   0.00000   0.00000   0.00000   0.00000
      8.00   1.00000   1.00000  -0.00000   0.00000   0.00000   0.00000
      8.20   1.00000   1.00000   0.00000  -0.00000   0.00000   0.00000
      8.40   1.00000   1.00000   0.00000   0.00000   0.00000   0.00000
      8.60   1.00000   1.00000   0.00000   0.00000   0.00000   0.00000
      8.80   1.00000   1.00000  -0.00000   0.00000   0.00000   0.00000
      9.00   1.00000   1.00000   0.00000   0.00000   0.00000   0.00000
      9.20   1.00000   1.00000   0.00000   0.00000   0.00000   0.00000
      9.40   1.00000   1.00000   0.00000   0.00000   0.00000   0.00000
      9.60   1.00000   1.00000   0.00000   0.00000   0.00000   0.00000
      9.80   1.00000   1.00000  -0.00000   0.00000   0.00000   0.00000
     10.00   1.00000   1.00000  -0.00000   0.00000   0.00000   0.00000
     10.20   1.00000   1.00000  -0.00000   0.00000   0.00000   0.00000
     10.40   1.00000   1.00000   0.00000  -0.00000   0.00000   0.00000
     10.60   1.00000   1.00000   0.00000  -0.00000   0.00000   0.00000
     10.80   1.00000   1.00000   0.00000   0.00000   0.00000   0.00000
     11.00   1.00000   1.00000  -0.00000   0.00000   0.00000   0.00000
     11.20   1.00000   1.00000   0.00000   0.00000   0.00000   0.00000
     11.40   1.00000   1.00000   0.00000   0.00000   0.00000   0.00000
     11.60   1.00000   1.00000  -0.00000  -0.00000   0.00000   0.00000
     11.80   1.00000   1.00000   0.00000   0.00000   0.00000   0.00000
     12.00   1.00000   1.00000  -0.00000   0.00000   0.00000   0.00000
     12.20   1.00000   1.00000  -0.00000   0.00000   0.00000   0.00000
     12.40   1.00000   1.00000   0.00000   0.00000   0.00000   0.00000
     12.60   1.00000   1.00000   0.00000   0.00000   0.00000   0.00000
     12.80   1.00000   1.00000   0.00000   0.00000   0.00000   0.00000
     13.00   1.00000   1.00000   0.00000   0.00000   0.00000   0.00000
     13.20   1.00000   1.00000  -0.00000   0.00000   0.00000   0.00000
     13.40   1.00000   1.00000  -0.00000  -0.00000   0.00000   0.00000
     13.60   1.00000   1.00000   0.00000   0.00000   0.00000   0.00000
     13.80   1.00000   1.00000  -0.00000   0.00000   0.00000   0.00000
     14.00   1.00000   1.00000   0.00000   0.00000   0.00000   0.00000
     14.20   1.00000   1.00000  -0.00000  -0.00000   0.00000   0.00000
     14.40   1.00000   1.00000  -0.00000   0.00000   0.00000   0.00000
     14.60   1.00000   1.00000   0.00000  -0.00000   0.00000   0.00000
     14.80   1.00000   1.00000   0.00000   0.00000   0.00000   0.00000
     15.00   1.00000   1.00000  -0.00000   0.00000   0.00000   0.00000
     15.20   1.00000   1.00000  -0.00000   0.00000   0.00000   0.00000
     15.40   1.00000   1.00000   0.00000   0.00000   0.00000   0.00000
     15.60   1.00000   1.00000   0.00000   0.00000   0.00000   0.00000
     15.80   1.00000   1.00000   0.00000  -0.00000   0.00000   0.00000
     16.00   1.00000   1.00000   0.00000   0.00000   0.00000   0.00000
     16.20   1.00000   1.00000  -0.00000   0.00000   0.00000   0.00000
     16.40   1.00000   1.00000  -0.00000   0.00000   0.00000   0.00000
     16.60   1.00000   1.00000  -0.00000   0.00000   0.00000   0.00000
     16.80   1.00000   1.00000   0.00000  -0.00000   0.00000   0.00000
     17.00   1.00000   1.00000   0.00000  -0.00000   0.00000   0.00000
     17.20   1.00000   1.00000  -0.00000   0.00000   0.00000   0.00000
     17.40   1.00000   1.00000  -0.00000   0.00000   0.00000   0.00000
     17.60   1.00000   1.00000   0.00000   0.00000   0.00000   0.00000
     17.80   1.00000   1.00000  -0.00000   0.00000   0.00000   0.00000
     18.00   1.00000   1.00000   0.00000   0.00000   0.00000   0.00000
     18.20   1.00000   1.00000   0.00000  -0.00000   0.00000   0.00000
     18.40   1.00000   1.00000  -0.00000   0.00000   0.00000   0.00000
     18.60   1.00000   1.00000  -0.00000   0.00000   0.00000   0.00000
     18.80   1.00000   1.00000   0.00000   0.00000   0.00000   0.00000
     19.00   1.00000   1.00000   0.00000  -0.00000   0.00000   0.00000
     19.20   1.00000   1.00000   0.00000   0.00000   0.00000   0.00000
     19.40   1.00000   1.00000   0.00000  -0.00000   0.00000   0.00000
     19.60   1.00000   1.00000   0.00000   0.00000   0.00000   0.00000
     19.80   1.00000   1.00000   0.00000   0.00000   0.00000   0.00000
     20.00   1.00000   1.00000   0.00000   0.00000   0.00000   0.00000
     20.20   1.00000   1.00000  -0.00000  -0.00000   0.00000   0.00000
     20.40   1.00000   1.00000   0.00000   0.00000   0.00000   0.00000
     20.60   1.00000   1.00000   0.00000   0.00000   0.00000   0.00000
     20.80   1.00000   1.00000   0.00000   0.00000   0.00000   0.00000
     21.00   1.00000   1.00000   0.00000   0.00000   0.00000   0.00000
     21.20   1.00000   1.00000  -0.00000   0.00000   0.00000   0.00000
     21.40   1.00000   1.00000   0.00000   0.00000   0.00000   0.00000
     21.60   1.00000   1.00000   0.00000   0.00000   0.00000   0.00000
     21.80   1.00000   1.00000  -0.00000   0.00000   0.00000   0.00000
     22.00   1.00000   0.99999   0.00000   0.00000   0.00001   0.00001
     22.20   1.00000   0.99999  -0.00000   0.00000   0.00001   0.00001
     22.40   1.00000   0.99999  -0.00000  -0.00000   0.00001   0.00001
     22.60   1.00000   0.99999   0.00000   0.00000   0.00001   0.00001
     22.80   1.00000   0.99999   0.00000   0.00000   0.00001   0.00001
     23.00   1.00000   0.99999   0.00000   0.00000   0.00001   0.00001
     23.20   1.00000   0.99999   0.00000   0.00000   0.00001   0.00001
     23.40   1.00000   0.99999   0.00000   0.00000   0.00001   0.00001
     23.60   1.00000   0.99999  -0.00000  -0.00000   0.00001   0.00001
     23.80   1.00000   0.99999   0.00000   0.00000   0.00001   0.00001
     24.00   1.00000   0.99999  -0.00000   0.00000   0.00001   0.00001
     24.20   1.00000   0.99999  -0.00000  -0.00000   0.00001   0.00001
     24.40   1.00000   0.99999   0.00000   0.00000   0.00001   0.00001
     24.60   1.00000   0.99999  -0.00000   0.00000   0.00001   0.00001
     24.80   1.00000   0.99999  -0.00000   0.00000   0.00001   0.00001
     25.00   1.00000   0.99999  -0.00000   0.00000   0.00001   0.00001
     25.20   1.00000   0.99999   0.00000   0.00000   0.00001   0.00001
     25.40   1.00000   0.99999   0.00000   0.00000   0.00001   0.00001
     25.60   1.00000   0.99999  -0.00000  -0.00000   0.00001   0.00001
     25.80   1.00000   0.99999  -0.00000   0.00000   0.00001   0.00001
     26.00   1.00000   0.99999   0.00000   0.00000   0.00001   0.00001
     26.20   1.00000   0.99999  -0.00000   0.00000   0.00001   0.00001
     26.40   1.00000   0.99999   0.00000   0.00000   0.00001   0.00001
     26.60   1.00000   0.99999   0.00000   0.00000   0.00001   0.00001
     26.80   1.00000   0.99999   0.00000   0.00000   0.00001   0.00001
     27.00   1.00000   0.99999  -0.00000   0.00000   0.00001   0.00001
     27.20   1.00000   0.99999   0.00000  -0.00000   0.00001   0.00001
     27.40   1.00000   0.99999   0.00000   0.00000   0.00001   0.00001
     27.60   1.00000   0.99999   0.00000   0.00000   0.00001   0.00001
     27.80   1.00000   0.99999  -0.00000   0.00000   0.00001   0.00001
     28.00   1.00000   0.99999   0.00000   0.00000   0.00001   0.00001
     28.20   1.00000   0.99999  -0.00000   0.00000   0.00001   0.00001
     28.40   1.00000   0.99999   0.00000   0.00000   0.00001   0.00001
     28.60   1.00000   0.99999   0.00000   0.00000   0.00001   0.00001
     28.80   1.00000   0.99999  -0.00000   0.00000   0.00001   0.00001
     29.00   1.00000   0.99999   0.00000   0.00000   0.00001   0.00001
     29.20   1.00000   0.99999   0.00000   0.00000   0.00001   0.00001
     29.40   1.00000   0.99999   0.00000   0.00000   0.00001   0.00001
     29.60   1.00000   0.99999   0.00000  -0.00000   0.00001   0.00001
     29.80   1.00000   0.99999   0.00000   0.00000   0.00001   0.00001
     30.00   1.00000   0.99999   0.00000   0.00000   0.00001   0.00001
     30.20   1.00000   0.99999   0.00000   0.00000   0.00001   0.00001
     30.40   1.00000   0.99999  -0.00000   0.00000   0.00001   0.00001
     30.60   1.00000   0.99999   0.00000   0.00000   0.00001   0.00001
     30.80   1.00000   0.99999   0.00000   0.00000   0.00001   0.00001
     31.00   1.00000   0.99999   0.00000  -0.00000   0.00001   0.00001
     31.20   1.00000   0.99999   0.00000   0.00000   0.00001   0.00001
     31.40   1.00000   0.99999   0.00000   0.00000   0.00001   0.00001
     31.60   1.00000   0.99999  -0.00000   0.00000   0.00001   0.00001
     31.80   1.00000   0.99999   0.00000   0.00000   0.00001   0.00001
     32.00   1.00000   0.99999   0.00000   0.00000   0.00001   0.00001
     32.20   1.00000   0.99999  -0.00000   0.00000   0.00001   0.00001
     32.40   1.00000   0.99999  -0.00000   0.00000   0.00001   0.00001
     32.60   1.00000   0.99999   0.00000   0.00000   0.00001   0.00001
     32.80   1.00000   0.99999   0.00000   0.00000   0.00001   0.00001
     33.00   1.00000   0.99999  -0.00000   0.00000   0.00001   0.00001
     33.20   1.00000   0.99999   0.00000   0.00000   0.00001   0.00001
     33.40   1.00000   0.99999   0.00000  -0.00000   0.00001   0.00001
     33.60   1.00000   0.99999   0.00000   0.00000   0.00001   0.00001
     33.80   1.00000   0.99999  -0.00000   0.00000   0.00001   0.00001
     34.00   0.99999   0.99999   0.00000   0.00000   0.00001   0.00001
     34.20   0.99999   0.99999   0.00000   0.00000   0.00001   0.00001
     34.40   0.99999   0.99999  -0.00000   0.00000   0.00001   0.00001
     34.60   0.99999   0.99999   0.00000   0.00000   0.00001   0.00001
     34.80   0.99999   0.99999   0.00000   0.00000   0.00001   0.00001
     35.00   0.99999   0.99999  -0.00000  -0.00000   0.00001   0.00001
     35.20   0.99999   0.99998  -0.00000   0.00000   0.00002   0.00002
     35.40   0.99999   0.99998  -0.00000   0.00000   0.00002   0.00002
     35.60   0.99999   0.99998   0.00000   0.00000   0.00002   0.00002
     35.80   0.99999   0.99998   0.00000   0.00000   0.00002   0.00002
     36.00   0.99999   0.99998  -0.00000   0.00000   0.00002   0.00002
     36.20   0.99999   0.99998  -0.00000   0.00000   0.00002   0.00002
     36.40   0.99999   0.99998   0.00000   0.00000   0.00002   0.00002
     36.60   0.99999   0.99998   0.00000  -0.00000   0.00002   0.00002
     36.80   0.99999   0.99998   0.00000   0.00000   0.00002   0.00002
     37.00   0.99999   0.99998   0.00000   0.00000   0.00002   0.00002
     37.20   0.99999   0.99998   0.00000   0.00000   0.00002   0.00002
     37.40   0.99999   0.99998   0.00000   0.00000   0.00002   0.00002
     37.60   0.99999   0.99998  -0.00000  -0.00000   0.00002   0.00002
     37.80   0.99999   0.99998   0.00000   0.00000   0.00002   0.00002
     38.00   0.99999   0.99998   0.00000   0.00000   0.00002   0.00002
     38.20   0.99999   0.99998   0.00000  -0.00000   0.00002   0.00002
     38.40   0.99999   0.99998  -0.00000   0.00000   0.00002   0.00002
     38.60   0.99999   0.99998   0.00000   0.00000   0.00002   0.00002
     38.80   0.99999   0.99998  -0.00000   0.00000   0.00002   0.00002
     39.00   0.99999   0.99998   0.00000   0.00000   0.00002   0.00002
     39.20   0.99999   0.99998   0.00000  -0.00000   0.00002   0.00002
     39.40   0.99999   0.99998  -0.00000  -0.00000   0.00002   0.00002
     39.60   0.99999   0.99998  -0.00000   0.00000   0.00002   0.00002
     39.80   0.99999   0.99998   0.00000  -0.00000   0.00002   0.00002
     40.00   0.99999   0.99998   0.00000   0.00000   0.00002   0.00002
     40.20   0.99999   0.99998   0.00000   0.00000   0.00002   0.00002
     40.40   0.99999   0.99998   0.00000  -0.00000   0.00002   0.00002
     40.60   0.99999   0.99998  -0.00000  -0.00000   0.00002   0.00002
     40.80   0.99999   0.99998   0.00000   0.00000   0.00002   0.00002
     41.00   0.99999   0.99998   0.00000   0.00000   0.00002   0.00002
     41.20   0.99999   0.99998   0.00000  -0.00000   0.00002   0.00002
     41.40   0.99999   0.99998   0.00000   0.00000   0.00002   0.00002
     41.60   0.99999   0.99998  -0.00000   0.00000   0.00002   0.00002
     41.80   0.99999   0.99998   0.00000   0.00000   0.00002   0.00002
     42.00   0.99999   0.99998  -0.00000  -0.00000   0.00002   0.00002
     42.20   0.99999   0.99998   0.00000   0.00000   0.00002   0.00002
     42.40   0.99999   0.99998   0.00000  -0.00000   0.00002   0.00002
     42.60   0.99999   0.99998  -0.00000   0.00000   0.00002   0.00002
     42.80   0.99999   0.99998   0.00000   0.00000   0.00002   0.00002
     43.00   0.99999   0.99997  -0.00000   0.00000   0.00003   0.00003
     43.20   0.99999   0.99997   0.00000   0.00000   0.00003   0.00003
     43.40   0.99999   0.99997   0.00000   0.00000   0.00003   0.00003
     43.60   0.99999   0.99997   0.00000  -0.00000   0.00003   0.00003
     43.80   0.99999   0.99997   0.00000  -0.00000   0.00003   0.00003
     44.00   0.99999   0.99997  -0.00000  -0.00000   0.00003   0.00003
     44.20   0.99999   0.99997  -0.00000  -0.00000   0.00003   0.00003
     44.40   0.99999   0.99997  -0.00000   0.00000   0.00003   0.00003
     44.60   0.99999   0.99997   0.00000   0.00000   0.00003   0.00003
     44.80   0.99999   0.99997   0.00000  -0.00000   0.00003   0.00003
     45.00   0.99999   0.99997   0.00000  -0.00000   0.00003   0.00003
     45.20   0.99999   0.99997  -0.00000   0.00000   0.00003   0.00003
     45.40   0.99999   0.99997  -0.00000  -0.00000   0.00003   0.00003
     45.60   0.99999   0.99997   0.00000   0.00000   0.00003   0.00003
     45.80   0.99999   0.99997   0.00000   0.00000   0.00003   0.00003
     46.00   0.99999   0.99997  -0.00000  -0.00000   0.00003   0.00003
     46.20   0.99999   0.99997   0.00000   0.00000   0.00003   0.00003
     46.40   0.99999   0.99997  -0.00000  -0.00000   0.00003   0.00003
     46.60   0.99999   0.99997   0.00000   0.00000   0.00003   0.00003
     46.80   0.99999   0.99997  -0.00000   0.00000   0.00003   0.00003
     47.00   0.99999   0.99997   0.00000   0.00000   0.00003   0.00003
     47.20   0.99999   0.99997   0.00000  -0.00000   0.00003   0.00003
     47.40   0.99999   0.99997   0.00000   0.00000   0.00003   0.00003
     47.60   0.99999   0.99997   0.00000   0.00000   0.00003   0.00003
     47.80   0.99999   0.99997   0.00000   0.00000   0.00003   0.00003
     48.00   0.99999   0.99997  -0.00000   0.00000   0.00003   0.00003
     48.20   0.99999   0.99997   0.00000   0.00000   0.00003   0.00003
     48.40   0.99999   0.99997   0.00000   0.00000   0.00003   0.00003
     48.60   0.99999   0.99997   0.00000  -0.00000   0.00003   0.00003
     48.80   0.99999   0.99996  -0.00000  -0.00000   0.00004   0.00004
     49.00   0.99999   0.99996   0.00000   0.00000   0.00004   0.00004
     49.20   0.99999   0.99996   0.00000   0.00000   0.00004   0.00004
     49.40   0.99999   0.99996   0.00000   0.00000   0.00004   0.00004
     49.60   0.99999   0.99996   0.00000  -0.00000   0.00004   0.00004
     49.80   0.99999   0.99996  -0.00000   0.00000   0.00004   0.00004
     50.00   0.99999   0.99996   0.00000   0.00000   0.00004   0.00004
     50.20   0.99999   0.99996   0.00000  -0.00000   0.00004   0.00004
     50.40   0.99999   0.99996   0.00000  -0.00000   0.00004   0.00004
     50.60   0.99999   0.99996   0.00000   0.00000   0.00004   0.00004
     50.80   0.99999   0.99996   0.00000   0.00000   0.00004   0.00004
     51.00   0.99999   0.99996   0.00000  -0.00000   0.00004   0.00004
     51.20   0.99999   0.99996   0.00000   0.00000   0.00004   0.00004
     51.40   0.99999   0.99996   0.00000   0.00000   0.00004   0.00004
     51.60   0.99999   0.99996   0.00000   0.00000   0.00004   0.00004
     51.80   0.99999   0.99996   0.00000   0.00000   0.00004   0.00004
     52.00   0.99999   0.99996   0.00000  -0.00000   0.00004   0.00004
     52.20   0.99999   0.99996   0.00000   0.00000   0.00004   0.00004
     52.40   0.99999   0.99996   0.00000   0.00000   0.00004   0.00004
     52.60   0.99999   0.99996   0.00000   0.00000   0.00004   0.00004
     52.80   0.99999   0.99996  -0.00000  -0.00000   0.00004   0.00004
     53.00   0.99999   0.99996  -0.00000   0.00000   0.00004   0.00004
     53.20   0.99999   0.99996  -0.00000   0.00000   0.00004   0.00004
     53.40   0.99999   0.99996  -0.00000   0.00000   0.00004   0.00004
     53.60   0.99999   0.99995   0.00000   0.00000   0.00005   0.00005
     53.80   0.99999   0.99995  -0.00000   0.00000   0.00005   0.00005
     54.00   0.99999   0.99995   0.00000   0.00000   0.00005   0.00005
     54.20   0.99999   0.99995  -0.00000  -0.00000   0.00005   0.00005
     54.40   0.99999   0.99995   0.00000   0.00000   0.00005   0.00005
     54.60   0.99999   0.99995   0.00000   0.00000   0.00005   0.00005
     54.80   0.99999   0.99995   0.00000   0.00000   0.00005   0.00005
     55.00   0.99999   0.99995   0.00000   0.00000   0.00005   0.00005
     55.20   0.99999   0.99995   0.00000   0.00000   0.00005   0.00005
     55.40   0.99999   0.99995  -0.00000   0.00000   0.00005   0.00005
     55.60   0.99999   0.99995  -0.00000   0.00000   0.00005   0.00005
     55.80   0.99999   0.99995   0.00000  -0.00000   0.00005   0.00005
     56.00   0.99999   0.99995   0.00000   0.00000   0.00005   0.00005
     56.20   0.99999   0.99995   0.00000   0.00000   0.00005   0.00005
     56.40   0.99999   0.99995   0.00000   0.00000   0.00005   0.00005
     56.60   0.99999   0.99995   0.00000   0.00000   0.00005   0.00005
     56.80   0.99999   0.99995  -0.00000   0.00000   0.00005   0.00005
     57.00   0.99999   0.99995   0.00000  -0.00000   0.00005   0.00005
     57.20   0.99999   0.99995  -0.00000  -0.00000   0.00005   0.00005
     57.40   0.99998   0.99994   0.00000   0.00000   0.00006   0.00006
     57.60   0.99998   0.99994   0.00000   0.00000   0.00006   0.00006
     57.80   0.99998   0.99994   0.00000  -0.00000   0.00006   0.00006
     58.00   0.99998   0.99994   0.00000   0.00000   0.00006   0.00006
     58.20   0.99998   0.99994   0.00000  -0.00000   0.00006   0.00006
     58.40   0.99998   0.99994   0.00000   0.00000   0.00006   0.00006
     58.60   0.99998   0.99994   0.00000   0.00000   0.00006   0.00006
     58.80   0.99998   0.99994  -0.00000   0.00000   0.00006   0.00006
     59.00   0.99998   0.99994   0.00000   0.00000   0.00006   0.00006
     59.20   0.99998   0.99994   0.00000   0.00000   0.00006   0.00006
     59.40   0.99998   0.99994   0.00000  -0.00000   0.00006   0.00006
     59.60   0.99998   0.99994  -0.00000   0.00000   0.00006   0.00006
     59.80   0.99998   0.99994  -0.00000   0.00000   0.00006   0.00006
     60.00   0.99998   0.99994   0.00000   0.00000   0.00006   0.00006
     60.20   0.99998   0.99994  -0.00000   0.00000   0.00006   0.00006
     60.40   0.99998   0.99994  -0.00000   0.00000   0.00006   0.00006
     60.60   0.99998   0.99994   0.00000   0.00000   0.00006   0.00006
     60.80   0.99998   0.99993  -0.00000   0.00000   0.00007   0.00007
     61.00   0.99998   0.99993   0.00000   0.00000   0.00007   0.00007
     61.20   0.99998   0.99993   0.00000   0.00000   0.00007   0.00007
     61.40   0.99998   0.99993   0.00000   0.00000   0.00007   0.00007
     61.60   0.99998   0.99993  -0.00000   0.00000   0.00007   0.00007
     61.80   0.99998   0.99993  -0.00000   0.00000   0.00007   0.00007
     62.00   0.99998   0.99993  -0.00000   0.00000   0.00007   0.00007
     62.20   0.99998   0.99993   0.00000   0.00000   0.00007   0.00007
     62.40   0.99998   0.99993   0.00000   0.00000   0.00007   0.00007
     62.60   0.99998   0.99993  -0.00000   0.00000   0.00007   0.00007
     62.80   0.99998   0.99993   0.00000  -0.00000   0.00007   0.00007
     63.00   0.99998   0.99993   0.00000   0.00000   0.00007   0.00007
     63.20   0.99998   0.99993   0.00000   0.00000   0.00007   0.00007
     63.40   0.99998   0.99993   0.00000   0.00000   0.00007   0.00007
     63.60   0.99998   0.99993  -0.00000  -0.00000   0.00007   0.00007
     63.80   0.99998   0.99992   0.00000   0.00000   0.00008   0.00008
     64.00   0.99998   0.99992  -0.00000   0.00000   0.00008   0.00008
     64.20   0.99998   0.99992   0.00000   0.00000   0.00008   0.00008
     64.40   0.99998   0.99992   0.00000   0.00000   0.00008   0.00008
     64.60   0.99998   0.99992  -0.00000  -0.00000   0.00008   0.00008
     64.80   0.99998   0.99992   0.00000   0.00000   0.00008   0.00008
     65.00   0.99998   0.99992   0.00000   0.00000   0.00008   0.00008
     65.20   0.99998   0.99992   0.00000   0.00000   0.00008   0.00008
     65.40   0.99998   0.99992  -0.00000   0.00000   0.00008   0.00008
     65.60   0.99998   0.99992   0.00000   0.00000   0.00008   0.00008
     65.80   0.99998   0.99992   0.00000  -0.00000   0.00008   0.00008
     66.00   0.99998   0.99992   0.00000   0.00000   0.00008   0.00008
     66.20   0.99998   0.99992  -0.00000   0.00000   0.00008   0.00008
     66.40   0.99998   0.99991   0.00000   0.00000   0.00009   0.00009
     66.60   0.99998   0.99991   0.00000   0.00000   0.00009   0.00009
     66.80   0.99998   0.99991   0.00000   0.00000   0.00009   0.00009
     67.00   0.99998   0.99991   0.00000  -0.00000   0.00009   0.00009
     67.20   0.99998   0.99991  -0.00000  -0.00000   0.00009   0.00009
     67.40   0.99998   0.99991   0.00000   0.00000   0.00009   0.00009
     67.60   0.99998   0.99991   0.00000  -0.00000   0.00009   0.00009
     67.80   0.99998   0.99991  -0.00000  -0.00000   0.00009   0.00009
     68.00   0.99998   0.99991   0.00000   0.00000   0.00009   0.00009
     68.20   0.99998   0.99991   0.00000  -0.00000   0.00009   0.00009
     68.40   0.99998   0.99991  -0.00000   0.00000   0.00009   0.00009
     68.60   0.99998   0.99991  -0.00000   0.00000   0.00009   0.00009
     68.80   0.99998   0.99990  -0.00000   0.00000   0.00010   0.00010
     69.00   0.99998   0.99990  -0.00000  -0.00000   0.00010   0.00010
     69.20   0.99998   0.99990  -0.00000  -0.00000   0.00010   0.00010
     69.40   0.99998   0.99990   0.00000   0.00000   0.00010   0.00010
     69.60   0.99998   0.99990  -0.00000   0.00000   0.00010   0.00010
     69.80   0.99998   0.99990   0.00000   0.00000   0.00010   0.00010
     70.00   0.99998   0.99990  -0.00000   0.00000   0.00010   0.00010
     70.20   0.99998   0.99990   0.00000   0.00000   0.00010   0.00010
     70.40   0.99998   0.99990  -0.00000   0.00000   0.00010   0.00010
     70.60   0.99998   0.99990  -0.00000   0.00000   0.00010   0.00010
     70.80   0.99998   0.99990   0.00000   0.00000   0.00010   0.00010
     71.00   0.99998   0.99989   0.00000  -0.00000   0.00011   0.00011
     71.20   0.99998   0.99989   0.00000   0.00000   0.00011   0.00011
     71.40   0.99998   0.99989   0.00000   0.00000   0.00011   0.00011
     71.60   0.99998   0.99989   0.00000   0.00000   0.00011   0.00011
     71.80   0.99998   0.99989   0.00000   0.00000   0.00011   0.00011
     72.00   0.99998   0.99989   0.00000   0.00000   0.00011   0.00011
     72.20   0.99998   0.99989   0.00000   0.00000   0.00011   0.00011
     72.40   0.99998   0.99989  -0.00000   0.00000   0.00011   0.00011
     72.60   0.99997   0.99989   0.00000   0.00000   0.00011   0.00011
     72.80   0.99997   0.99989  -0.00000  -0.00000   0.00011   0.00011
     73.00   0.99997   0.99988   0.00000   0.00000   0.00012   0.00012
     73.20   0.99997   0.99988  -0.00000   0.00000   0.00012   0.00012
     73.40   0.99997   0.99988   0.00000   0.00000   0.00012   0.00012
     73.60   0.99997   0.99988   0.00000   0.00000   0.00012   0.00012
     73.80   0.99997   0.99988   0.00000   0.00000   0.00012   0.00012
     74.00   0.99997   0.99988   0.00000   0.00000   0.00012   0.00012
     74.20   0.99997   0.99988   0.00000   0.00000   0.00012   0.00012
     74.40   0.99997   0.99988   0.00000  -0.00000   0.00012   0.00012
     74.60   0.99997   0.99988  -0.00000   0.00000   0.00012   0.00012
     74.80   0.99997   0.99987  -0.00000  -0.00000   0.00013   0.00013
     75.00   0.99997   0.99987  -0.00000   0.00000   0.00013   0.00013
     75.20   0.99997   0.99987   0.00000   0.00000   0.00013   0.00013
     75.40   0.99997   0.99987   0.00000  -0.00000   0.00013   0.00013
     75.60   0.99997   0.99987   0.00000   0.00000   0.00013   0.00013
     75.80   0.99997   0.99987  -0.00000   0.00000   0.00013   0.00013
     76.00   0.99997   0.99987  -0.00000   0.00000   0.00013   0.00013
     76.20   0.99997   0.99987   0.00000   0.00000   0.00013   0.00013
     76.40   0.99997   0.99987  -0.00000   0.00000   0.00013   0.00013
     76.60   0.99997   0.99986   0.00000   0.00000   0.00014   0.00014
     76.80   0.99997   0.99986  -0.00000   0.00000   0.00014   0.00014
     77.00   0.99997   0.99986  -0.00000   0.00000   0.00014   0.00014
     77.20   0.99997   0.99986   0.00000   0.00000   0.00014   0.00014
     77.40   0.99997   0.99986  -0.00000   0.00000   0.00014   0.00014
     77.60   0.99997   0.99986   0.00000   0.00000   0.00014   0.00014
     77.80   0.99997   0.99986   0.00000   0.00000   0.00014   0.00014
     78.00   0.99997   0.99986  -0.00000   0.00000   0.00014   0.00014
     78.20   0.99997   0.99985   0.00000   0.00000   0.00015   0.00015
     78.40   0.99997   0.99985   0.00000  -0.00000   0.00015   0.00015
     78.60   0.99997   0.99985  -0.00000   0.00000   0.00015   0.00015
     78.80   0.99997   0.99985   0.00000  -0.00000   0.00015   0.00015
     79.00   0.99997   0.99985   0.00000   0.00000   0.00015   0.00015
     79.20   0.99997   0.99985  -0.00000   0.00000   0.00015   0.00015
     79.40   0.99997   0.99985   0.00000   0.00000   0.00015   0.00015
     79.60   0.99997   0.99985  -0.00000  -0.00000   0.00015   0.00015
     79.80   0.99997   0.99984   0.00000  -0.00000   0.00016   0.00016
     80.00   0.99997   0.99984   0.00000   0.00000   0.00016   0.00016
     80.20   0.99997   0.99984  -0.00000   0.00000   0.00016   0.00016
     80.40   0.99997   0.99984  -0.00000   0.00000   0.00016   0.00016
     80.60   0.99997   0.99984  -0.00000   0.00000   0.00016   0.00016
     80.80   0.99997   0.99984   0.00000   0.00000   0.00016   0.00016
     81.00   0.99997   0.99984  -0.00000   0.00000   0.00016   0.00016
     81.20   0.99997   0.99983  -0.00000   0.00000   0.00017   0.00017
     81.40   0.99997   0.99983   0.00000  -0.00000   0.00017   0.00017
     81.60   0.99997   0.99983   0.00000   0.00000   0.00017   0.00017
     81.80   0.99997   0.99983   0.00000   0.00000   0.00017   0.00017
     82.00   0.99997   0.99983   0.00000   0.00000   0.00017   0.00017
     82.20   0.99997   0.99983   0.00000  -0.00000   0.00017   0.00017
     82.40   0.99997   0.99983  -0.00000   0.00000   0.00017   0.00017
     82.60   0.99997   0.99982  -0.00000   0.00000   0.00018   0.00018
     82.80   0.99997   0.99982   0.00000   0.00000   0.00018   0.00018
     83.00   0.99997   0.99982   0.00000   0.00000   0.00018   0.00018
     83.20   0.99997   0.99982  -0.00000   0.00000   0.00018   0.00018
     83.40   0.99997   0.99982  -0.00000  -0.00000   0.00018   0.00018
     83.60   0.99997   0.99982   0.00000   0.00000   0.00018   0.00018
     83.80   0.99997   0.99981   0.00000   0.00000   0.00019   0.00019
     84.00   0.99997   0.99981  -0.00000   0.00000   0.00019   0.00019
     84.20   0.99997   0.99981  -0.00000   0.00000   0.00019   0.00019
     84.40   0.99996   0.99981   0.00000   0.00000   0.00019   0.00019
     84.60   0.99996   0.99981   0.00000   0.00000   0.00019   0.00019
     84.80   0.99996   0.99981  -0.00000  -0.00000   0.00019   0.00019
     85.00   0.99996   0.99980  -0.00000   0.00000   0.00020   0.00020
     85.20   0.99996   0.99980  -0.00000   0.00000   0.00020   0.00020
     85.40   0.99996   0.99980   0.00000   0.00000   0.00020   0.00020
     85.60   0.99996   0.99980  -0.00000   0.00000   0.00020   0.00020
     85.80   0.99996   0.99980  -0.00000   0.00000   0.00020   0.00020
     86.00   0.99996   0.99980   0.00000   0.00000   0.00020   0.00020
     86.20   0.99996   0.99979  -0.00000   0.00000   0.00021   0.00021
     86.40   0.99996   0.99979   0.00000   0.00000   0.00021   0.00021
     86.60   0.99996   0.99979   0.00000  -0.00000   0.00021   0.00021
     86.80   0.99996   0.99979   0.00000   0.00000   0.00021   0.00021
     87.00   0.99996   0.99979   0.00000   0.00000   0.00021   0.00021
     87.20   0.99996   0.99978   0.00000   0.00000   0.00022   0.00022
     87.40   0.99996   0.99978   0.00000   0.00000   0.00022   0.00022
     87.60   0.99996   0.99978   0.00000   0.00000   0.00022   0.00022
     87.80   0.99996   0.99978   0.00000   0.00000   0.00022   0.00022
     88.00   0.99996   0.99978   0.00000   0.00000   0.00022   0.00022
     88.20   0.99996   0.99978   0.00000   0.00000   0.00022   0.00022
     88.40   0.99996   0.99977   0.00000   0.00000   0.00023   0.00023
     88.60   0.99996   0.99977  -0.00000   0.00000   0.00023   0.00023
     88.80   0.99996   0.99977   0.00000  -0.00000   0.00023   0.00023
     89.00   0.99996   0.99977   0.00000  -0.00000   0.00023   0.00023
     89.20   0.99996   0.99977   0.00000   0.00000   0.00023   0.00023
     89.40   0.99996   0.99976   0.00000   0.00000   0.00024   0.00024
     89.60   0.99996   0.99976   0.00000   0.00000   0.00024   0.00024
     89.80   0.99996   0.99976  -0.00000  -0.00000   0.00024   0.00024
     90.00   0.99996   0.99976   0.00000  -0.00000   0.00024   0.00024
     90.20   0.99996   0.99975  -0.00000  -0.00000   0.00025   0.00025
     90.40   0.99996   0.99975  -0.00000   0.00000   0.00025   0.00025
     90.60   0.99996   0.99975   0.00000   0.00000   0.00025   0.00025
     90.80   0.99996   0.99975  -0.00000   0.00000   0.00025   0.00025
     91.00   0.99996   0.99975  -0.00000   0.00000   0.00025   0.00025
     91.20   0.99996   0.99974  -0.00000   0.00000   0.00026   0.00026
     91.40   0.99996   0.99974   0.00000   0.00000   0.00026   0.00026
     91.60   0.99996   0.99974  -0.00000  -0.00000   0.00026   0.00026
     91.80   0.99996   0.99974  -0.00000   0.00000   0.00026   0.00026
     92.00   0.99996   0.99974  -0.00000   0.00000   0.00026   0.00026
     92.20   0.99996   0.99973   0.00000   0.00000   0.00027   0.00027
     92.40   0.99996   0.99973  -0.00000   0.00000   0.00027   0.00027
     92.60   0.99996   0.99973   0.00000   0.00000   0.00027   0.00027
     92.80   0.99996   0.99973   0.00000   0.00000   0.00027   0.00027
     93.00   0.99996   0.99972   0.00000   0.00000   0.00028   0.00028
     93.20   0.99996   0.99972   0.00000   0.00000   0.00028   0.00028
     93.40   0.99996   0.99972  -0.00000  -0.00000   0.00028   0.00028
     93.60   0.99996   0.99972  -0.00000   0.00000   0.00028   0.00028
     93.80   0.99996   0.99971   0.00000   0.00000   0.00029   0.00029
     94.00   0.99995   0.99971   0.00000   0.00000   0.00029   0.00029
     94.20   0.99995   0.99971   0.00000   0.00000   0.00029   0.00029
     94.40   0.99995   0.99971   0.00000   0.00000   0.00029   0.00029
     94.60   0.99995   0.99970  -0.00000   0.00000   0.00030   0.00030
     94.80   0.99995   0.99970  -0.00000   0.00000   0.00030   0.00030
     95.00   0.99995   0.99970   0.00000   0.00000   0.00030   0.00030
     95.20   0.99995   0.99970   0.00000   0.00000   0.00030   0.00030
     95.40   0.99995   0.99969  -0.00000   0.00000   0.00031   0.00031
     95.60   0.99995   0.99969   0.00000   0.00000   0.00031   0.00031
     95.80   0.99995   0.99969   0.00000  -0.00000   0.00031   0.00031
     96.00   0.99995   0.99969  -0.00000   0.00000   0.00031   0.00031
     96.20   0.99995   0.99968   0.00000   0.00000   0.00032   0.00032
     96.40   0.99995   0.99968  -0.00000   0.00000   0.00032   0.00032
     96.60   0.99995   0.99968   0.00000   0.00000   0.00032   0.00032
     96.80   0.99995   0.99967  -0.00000   0.00000   0.00033   0.00033
     97.00   0.99995   0.99967   0.00000   0.00000   0.00033   0.00033
     97.20   0.99995   0.99967   0.00000  -0.00000   0.00033   0.00033
     97.40   0.99995   0.99967  -0.00000   0.00000   0.00033   0.00033
     97.60   0.99995   0.99966  -0.00000   0.00000   0.00034   0.00034
     97.80   0.99995   0.99966  -0.00000   0.00000   0.00034   0.00034
     98.00   0.99995   0.99966   0.00000   0.00000   0.00034   0.00034
     98.20   0.99995   0.99965   0.00000   0.00000   0.00035   0.00035
     98.40   0.99995   0.99965  -0.00000   0.00000   0.00035   0.00035
     98.60   0.99995   0.99965   0.00000   0.00000   0.00035   0.00035
     98.80   0.99995   0.99965   0.00000   0.00000   0.00035   0.00035
     99.00   0.99995   0.99964  -0.00000   0.00000   0.00036   0.00036
     99.20   0.99995   0.99964   0.00000   0.00000   0.00036   0.00036
     99.40   0.99995   0.99964   0.00000   0.00000   0.00036   0.00036
     99.60   0.99995   0.99963   0.00000  -0.00000   0.00037   0.00037
     99.80   0.99995   0.99963  -0.00000   0.00000   0.00037   0.00037
    100.00   0.99995   0.99963   0.00000   0.00000   0.00037   0.00037
    100.20   0.99995   0.99962   0.00000   0.00000   0.00038   0.00038
    100.40   0.99995   0.99962   0.00000   0.00000   0.00038   0.00038
    100.60   0.99995   0.99962  -0.00000  -0.00000   0.00038   0.00038
    100.80   0.99995   0.99961   0.00000   0.00000   0.00039   0.00039
    101.00   0.99995   0.99961   0.00000  -0.00000   0.00039   0.00039
    101.20   0.99995   0.99961  -0.00000   0.00000   0.00039   0.00039
    101.40   0.99995   0.99960  -0.00000   0.00000   0.00040   0.00040
    101.60   0.99995   0.99960   0.00000   0.00000   0.00040   0.00040
    101.80   0.99995   0.99960  -0.00000   0.00000   0.00040   0.00040
    102.00   0.99995   0.99959  -0.00000   0.00000   0.00041   0.00041
    102.20   0.99994   0.99959   0.00000   0.00000   0.00041   0.00041
    102.40   0.99994   0.99959   0.00000   0.00000   0.00041   0.00041
    102.60   0.99994   0.99958   0.00000  -0.00000   0.00042   0.00042
    102.80   0.99994   0.99958   0.00000   0.00000   0.00042   0.00042
    103.00   0.99994   0.99957   0.00000  -0.00000   0.00043   0.00043
    103.20   0.99994   0.99957  -0.00000   0.00000   0.00043   0.00043
    103.40   0.99994   0.99957   0.00000   0.00000   0.00043   0.00043
    103.60   0.99994   0.99956   0.00000   0.00000   0.00044   0.00044
    103.80   0.99994   0.99956   0.00000   0.00000   0.00044   0.00044
    104.00   0.99994   0.99956   0.00000   0.00000   0.00044   0.00044
    104.20   0.99994   0.99955   0.00000   0.00000   0.00045   0.00045
    104.40   0.99994   0.99955   0.00000   0.00000   0.00045   0.00045
    104.60   0.99994   0.99954  -0.00000  -0.00000   0.00046   0.00046
    104.80   0.99994   0.99954   0.00000   0.00000   0.00046   0.00046
    105.00   0.99994   0.99954  -0.00000   0.00000   0.00046   0.00046
    105.20   0.99994   0.99953  -0.00000   0.00000   0.00047   0.00047
    105.40   0.99994   0.99953  -0.00000   0.00000   0.00047   0.00047
    105.60   0.99994   0.99952   0.00000   0.00000   0.00048   0.00048
    105.80   0.99994   0.99952   0.00000  -0.00000   0.00048   0.00048
    106.00   0.99994   0.99951   0.00000   0.00000   0.00049   0.00049
    106.20   0.99994   0.99951   0.00000   0.00000   0.00049   0.00049
    106.40   0.99994   0.99951   0.00000   0.00000   0.00049   0.00049
    106.60   0.99994   0.99950   0.00000   0.00000   0.00050   0.00050
    106.80   0.99994   0.99950  -0.00000   0.00000   0.00050   0.00050
    107.00   0.99994   0.99949   0.00000  -0.00000   0.00051   0.00051
    107.20   0.99994   0.99949   0.00000  -0.00000   0.00051   0.00051
    107.40   0.99994   0.99948  -0.00000   0.00000   0.00052   0.00052
    107.60   0.99994   0.99948  -0.00000  -0.00000   0.00052   0.00052
    107.80   0.99994   0.99948   0.00000   0.00000   0.00052   0.00052
    108.00   0.99994   0.99947   0.00000   0.00000   0.00053   0.00053
    108.20   0.99994   0.99947   0.00000   0.00000   0.00053   0.00053
    108.40   0.99994   0.99946   0.00000   0.00000   0.00054   0.00054
    108.60   0.99994   0.99946   0.00000  -0.00000   0.00054   0.00054
    108.80   0.99994   0.99945  -0.00000  -0.00000   0.00055   0.00055
    109.00   0.99994   0.99945   0.00000   0.00000   0.00055   0.00055
    109.20   0.99994   0.99944   0.00000   0.00000   0.00056   0.00056
    109.40   0.99993   0.99944  -0.00000   0.00000   0.00056   0.00056
    109.60   0.99993   0.99943   0.00000   0.00000   0.00057   0.00057
    109.80   0.99993   0.99943   0.00000   0.00000   0.00057   0.00057
    110.00   0.99993   0.99942  -0.00000   0.00000   0.00058   0.00058
    110.20   0.99993   0.99942   0.00000   0.00000   0.00058   0.00058
    110.40   0.99993   0.99941  -0.00000  -0.00000   0.00059   0.00059
    110.60   0.99993   0.99941   0.00000   0.00000   0.00059   0.00059
    110.80   0.99993   0.99940   0.00000   0.00000   0.00060   0.00060
    111.00   0.99993   0.99940  -0.00000   0.00000   0.00060   0.00060
    111.20   0.99993   0.99939   0.00000   0.00000   0.00061   0.00061
    111.40   0.99993   0.99938  -0.00000   0.00000   0.00062   0.00062
    111.60   0.99993   0.99938   0.00000   0.00000   0.00062   0.00062
    111.80   0.99993   0.99937  -0.00000   0.00000   0.00063   0.00063
    112.00   0.99993   0.99937  -0.00000   0.00000   0.00063   0.00063
    112.20   0.99993   0.99936  -0.00000   0.00000   0.00064   0.00064
    112.40   0.99993   0.99936   0.00000   0.00000   0.00064   0.00064
    112.60   0.99993   0.99935   0.00000   0.00000   0.00065   0.00065
    112.80   0.99993   0.99935   0.00000   0.00000   0.00065   0.00065
    113.00   0.99993   0.99934   0.00000   0.00000   0.00066   0.00066
    113.20   0.99993   0.99933  -0.00000   0.00000   0.00067   0.00067
    113.40   0.99993   0.99933   0.00000   0.00000   0.00067   0.00067
    113.60   0.99993   0.99932   0.00000   0.00000   0.00068   0.00068
    113.80   0.99993   0.99932   0.00000   0.00000   0.00068   0.00068
    114.00   0.99993   0.99931   0.00000   0.00000   0.00069   0.00069
    114.20   0.99993   0.99930   0.00000  -0.00000   0.00070   0.00070
    114.40   0.99993   0.99930  -0.00000   0.00000   0.00070   0.00070
    114.60   0.99993   0.99929   0.00000   0.00000   0.00071   0.00071
    114.80   0.99993   0.99928   0.00000   0.00000   0.00072   0.00072
    115.00   0.99993   0.99928   0.00000   0.00000   0.00072   0.00072
    115.20   0.99993   0.99927  -0.00000   0.00000   0.00073   0.00073
    115.40   0.99993   0.99926   0.00000   0.00000   0.00074   0.00074
    115.60   0.99993   0.99926   0.00000   0.00000   0.00074   0.00074
    115.80   0.99992   0.99925   0.00000  -0.00000   0.00075   0.00075
    116.00   0.99992   0.99924  -0.00000   0.00000   0.00076   0.00076
    116.20   0.99992   0.99924   0.00000   0.00000   0.00076   0.00076
    116.40   0.99992   0.99923   0.00000   0.00000   0.00077   0.00077
    116.60   0.99992   0.99922  -0.00000  -0.00000   0.00078   0.00078
    116.80   0.99992   0.99922   0.00000   0.00000   0.00078   0.00078
    117.00   0.99992   0.99921   0.00000   0.00000   0.00079   0.00079
    117.20   0.99992   0.99920   0.00000   0.00000   0.00080   0.00080
    117.40   0.99992   0.99919   0.00000   0.00000   0.00081   0.00081
    117.60   0.99992   0.99919   0.00000   0.00000   0.00081   0.00081
    117.80   0.99992   0.99918  -0.00000   0.00000   0.00082   0.00082
    118.00   0.99992   0.99917  -0.00000   0.00000   0.00083   0.00083
    118.20   0.99992   0.99917  -0.00000   0.00000   0.00083   0.00083
    118.40   0.99992   0.99916  -0.00000   0.00000   0.00084   0.00084
    118.60   0.99992   0.99915  -0.00000   0.00000   0.00085   0.00085
    118.80   0.99992   0.99914   0.00000  -0.00000   0.00086   0.00086
    119.00   0.99992   0.99913   0.00000   0.00000   0.00087   0.00087
    119.20   0.99992   0.99913  -0.00000   0.00000   0.00087   0.00087
    119.40   0.99992   0.99912   0.00000   0.00000   0.00088   0.00088
    119.60   0.99992   0.99911  -0.00000  -0.00000   0.00089   0.00089
    119.80   0.99992   0.99910  -0.00000   0.00000   0.00090   0.00090
    120.00   0.99992   0.99909   0.00000   0.00000   0.00091   0.00091
    120.20   0.99992   0.99908  -0.00000   0.00000   0.00092   0.00092
    120.40   0.99992   0.99908  -0.00000   0.00000   0.00092   0.00092
    120.60   0.99992   0.99907  -0.00000  -0.00000   0.00093   0.00093
    120.80   0.99992   0.99906   0.00000   0.00000   0.00094   0.00094
    121.00   0.99992   0.99905   0.00000   0.00000   0.00095   0.00095
    121.20   0.99992   0.99904  -0.00000   0.00000   0.00096   0.00096
    121.40   0.99992   0.99903  -0.00000   0.00000   0.00097   0.00097
    121.60   0.99991   0.99902   0.00000   0.00000   0.00098   0.00098
    121.80   0.99991   0.99901   0.00000   0.00000   0.00099   0.00099
    122.00   0.99991   0.99901  -0.00000   0.00000   0.00099   0.00099
    122.20   0.99991   0.99900  -0.00000  -0.00000   0.00100   0.00100
    122.40   0.99991   0.99899  -0.00000   0.00000   0.00101   0.00101
    122.60   0.99991   0.99898  -0.00000   0.00000   0.00102   0.00102
    122.80   0.99991   0.99897   0.00000   0.00000   0.00103   0.00103
    123.00   0.99991   0.99896   0.00000   0.00000   0.00104   0.00104
    123.20   0.99991   0.99895   0.00000  -0.00000   0.00105   0.00105
    123.40   0.99991   0.99894  -0.00000   0.00000   0.00106   0.00106
    123.60   0.99991   0.99893  -0.00000   0.00000   0.00107   0.00107
    123.80   0.99991   0.99892   0.00000  -0.00000   0.00108   0.00108
    124.00   0.99991   0.99891   0.00000   0.00000   0.00109   0.00109
    124.20   0.99991   0.99890  -0.00000  -0.00000   0.00110   0.00110
    124.40   0.99991   0.99889  -0.00000   0.00000   0.00111   0.00111
    124.60   0.99991   0.99888   0.00000   0.00000   0.00112   0.00112
    124.80   0.99991   0.99887   0.00000   0.00000   0.00113   0.00113
    125.00   0.99991   0.99886  -0.00000   0.00000   0.00114   0.00114
    125.20   0.99991   0.99884  -0.00000   0.00000   0.00116   0.00116
    125.40   0.99991   0.99883   0.00000   0.00000   0.00117   0.00117
    125.60   0.99991   0.99882  -0.00000   0.00000   0.00118   0.00118
    125.80   0.99991   0.99881   0.00000  -0.00000   0.00119   0.00119
    126.00   0.99991   0.99880  -0.00000   0.00000   0.00120   0.00120
    126.20   0.99991   0.99879   0.00000   0.00000   0.00121   0.00121
    126.40   0.99991   0.99878   0.00000   0.00000   0.00122   0.00122
    126.60   0.99991   0.99877   0.00000  -0.00000   0.00123   0.00123
    126.80   0.99990   0.99875   0.00000   0.00000   0.00125   0.00125
    127.00   0.99990   0.99874  -0.00000   0.00000   0.00126   0.00126
    127.20   0.99990   0.99873   0.00000   0.00000   0.00127   0.00127
    127.40   0.99990   0.99872   0.00000   0.00000   0.00128   0.00128
    127.60   0.99990   0.99870   0.00000   0.00000   0.00130   0.00130
    127.80   0.99990   0.99869   0.00000   0.00000   0.00131   0.00131
    128.00   0.99990   0.99868   0.00000   0.00000   0.00132   0.00132
    128.20   0.99990   0.99867   0.00000   0.00000   0.00133   0.00133
    128.40   0.99990   0.99865   0.00000   0.00000   0.00135   0.00135
    128.60   0.99990   0.99864   0.00000  -0.00000   0.00136   0.00136
    128.80   0.99990   0.99863  -0.00000   0.00000   0.00137   0.00137
    129.00   0.99990   0.99861   0.00000   0.00000   0.00139   0.00139
    129.20   0.99990   0.99860   0.00000  -0.00000   0.00140   0.00140
    129.40   0.99990   0.99859   0.00000   0.00000   0.00141   0.00141
    129.60   0.99990   0.99857   0.00000  -0.00000   0.00143   0.00143
    129.80   0.99990   0.99856  -0.00000   0.00000   0.00144   0.00144
    130.00   0.99990   0.99855  -0.00000   0.00000   0.00145   0.00145
    130.20   0.99990   0.99853   0.00000   0.00000   0.00147   0.00147
    130.40   0.99990   0.99852   0.00000   0.00000   0.00148   0.00148
    130.60   0.99990   0.99850   0.00000   0.00000   0.00150   0.00150
    130.80   0.99990   0.99849   0.00000   0.00000   0.00151   0.00151
    131.00   0.99990   0.99847   0.00000   0.00000   0.00153   0.00153
    131.20   0.99990   0.99846  -0.00000   0.00000   0.00154   0.00154
    131.40   0.99990   0.99844  -0.00000   0.00000   0.00156   0.00156
    131.60   0.99989   0.99843   0.00000   0.00000   0.00157   0.00157
    131.80   0.99989   0.99841   0.00000   0.00000   0.00159   0.00159
    132.00   0.99989   0.99840   0.00000   0.00000   0.00160   0.00160
    132.20   0.99989   0.99838   0.00000   0.00000   0.00162   0.00162
    132.40   0.99989   0.99836   0.00000   0.00000   0.00164   0.00164
    132.60   0.99989   0.99835   0.00000   0.00000   0.00165   0.00165
    132.80   0.99989   0.99833   0.00000   0.00000   0.00167   0.00167
    133.00   0.99989   0.99831  -0.00000   0.00000   0.00169   0.00169
    133.20   0.99989   0.99830   0.00000   0.00000   0.00170   0.00170
    133.40   0.99989   0.99828   0.00000   0.00000   0.00172   0.00172
    133.60   0.99989   0.99826  -0.00000  -0.00000   0.00174   0.00174
    133.80   0.99989   0.99825  -0.00000   0.00000   0.00175   0.00175
    134.00   0.99989   0.99823  -0.00000   0.00000   0.00177   0.00177
    134.20   0.99989   0.99821  -0.00000   0.00000   0.00179   0.00179
    134.40   0.99989   0.99819   0.00000   0.00000   0.00181   0.00181
    134.60   0.99989   0.99817  -0.00000   0.00000   0.00183   0.00183
    134.80   0.99989   0.99816  -0.00000   0.00000   0.00184   0.00184
    135.00   0.99989   0.99814   0.00000   0.00000   0.00186   0.00186
    135.20   0.99989   0.99812  -0.00000   0.00000   0.00188   0.00188
    135.40   0.99989   0.99810  -0.00000   0.00000   0.00190   0.00190
    135.60   0.99989   0.99808   0.00000   0.00000   0.00192   0.00192
    135.80   0.99989   0.99806   0.00000   0.00000   0.00194   0.00194
    136.00   0.99989   0.99804   0.00000   0.00000   0.00196   0.00196
    136.20   0.99988   0.99802   0.00000   0.00000   0.00198   0.00198
    136.40   0.99988   0.99800   0.00000   0.00000   0.00200   0.00200
    136.60   0.99988   0.99798  -0.00000   0.00000   0.00202   0.00202
    136.80   0.99988   0.99796   0.00000   0.00000   0.00204   0.00204
    137.00   0.99988   0.99794   0.00000   0.00000   0.00206   0.00206
    137.20   0.99988   0.99792   0.00000   0.00000   0.00208   0.00208
    137.40   0.99988   0.99790   0.00000  -0.00000   0.00210   0.00210
    137.60   0.99988   0.99787   0.00000   0.00000   0.00213   0.00213
    137.80   0.99988   0.99785   0.00000   0.00000   0.00215   0.00215
    138.00   0.99988   0.99783   0.00000   0.00000   0.00217   0.00217
    138.20   0.99988   0.99781   0.00000   0.00000   0.00219   0.00219
    138.40   0.99988   0.99779   0.00000   0.00000   0.00221   0.00221
    138.60   0.99988   0.99776   0.00000   0.00000   0.00224   0.00224
    138.80   0.99988   0.99774   0.00000   0.00000   0.00226   0.00226
    139.00   0.99988   0.99772   0.00000   0.00000   0.00228   0.00228
    139.20   0.99988   0.99769  -0.00000   0.00000   0.00231   0.00231
    139.40   0.99988   0.99767  -0.00000   0.00000   0.00233   0.00233
    139.60   0.99988   0.99764  -0.00000   0.00000   0.00236   0.00236
    139.80   0.99988   0.99762   0.00000   0.00000   0.00238   0.00238
    140.00   0.99988   0.99759   0.00000   0.00000   0.00241   0.00241
    140.20   0.99988   0.99757   0.00000   0.00000   0.00243   0.00243
    140.40   0.99987   0.99754  -0.00000   0.00000   0.00246   0.00246
    140.60   0.99987   0.99752   0.00000   0.00000   0.00248   0.00248
    140.80   0.99987   0.99749  -0.00000   0.00000   0.00251   0.00251
    141.00   0.99987   0.99746   0.00000  -0.00000   0.00254   0.00254
    141.20   0.99987   0.99744   0.00000   0.00000   0.00256   0.00256
    141.40   0.99987   0.99741   0.00000   0.00000   0.00259   0.00259
    141.60   0.99987   0.99738   0.00000   0.00000   0.00262   0.00262
    141.80   0.99987   0.99735  -0.00000  -0.00000   0.00265   0.00265
    142.00   0.99987   0.99733   0.00000  -0.00000   0.00267   0.00267
    142.20   0.99987   0.99730   0.00000   0.00000   0.00270   0.00270
    142.40   0.99987   0.99727   0.00000   0.00000   0.00273   0.00273
    142.60   0.99987   0.99724  -0.00000   0.00000   0.00276   0.00276
    142.80   0.99987   0.99721  -0.00000  -0.00000   0.00279   0.00279
    143.00   0.99987   0.99718   0.00000   0.00000   0.00282   0.00282
    143.20   0.99987   0.99715  -0.00000   0.00000   0.00285   0.00285
    143.40   0.99987   0.99712  -0.00000   0.00000   0.00288   0.00288
    143.60   0.99987   0.99709   0.00000  -0.00000   0.00291   0.00291
    143.80   0.99987   0.99706   0.00000   0.00000   0.00294   0.00294
    144.00   0.99987   0.99703  -0.00000   0.00000   0.00297   0.00297
    144.20   0.99986   0.99699  -0.00000   0.00000   0.00301   0.00301
    144.40   0.99986   0.99696   0.00000   0.00000   0.00304   0.00304
    144.60   0.99986   0.99693  -0.00000  -0.00000   0.00307   0.00307
    144.80   0.99986   0.99690  -0.00000   0.00000   0.00310   0.00310
    145.00   0.99986   0.99686   0.00000  -0.00000   0.00314   0.00314
    145.20   0.99986   0.99683   0.00000   0.00000   0.00317   0.00317
    145.40   0.99986   0.99679   0.00000   0.00000   0.00321   0.00321
    145.60   0.99986   0.99676  -0.00000   0.00000   0.00324   0.00324
    145.80   0.99986   0.99672   0.00000   0.00000   0.00328   0.00328
    146.00   0.99986   0.99669   0.00000   0.00000   0.00331   0.00331
    146.20   0.99986   0.99665  -0.00000   0.00000   0.00335   0.00335
    146.40   0.99986   0.99661   0.00000   0.00000   0.00339   0.00339
    146.60   0.99986   0.99658   0.00000   0.00000   0.00342   0.00342
    146.80   0.99986   0.99654   0.00000   0.00000   0.00346   0.00346
    147.00   0.99986   0.99650  -0.00000   0.00000   0.00350   0.00350
    147.20   0.99986   0.99646  -0.00000   0.00000   0.00354   0.00354
    147.40   0.99986   0.99642   0.00000   0.00000   0.00358   0.00358
    147.60   0.99986   0.99638   0.00000   0.00000   0.00362   0.00362
    147.80   0.99985   0.99634  -0.00000   0.00000   0.00366   0.00366
    148.00   0.99985   0.99630  -0.00000   0.00000   0.00370   0.00370
    148.20   0.99985   0.99626   0.00000  -0.00000   0.00374   0.00374
    148.40   0.99985   0.99622  -0.00000   0.00000   0.00378   0.00378
    148.60   0.99985   0.99618  -0.00000   0.00000   0.00382   0.00382
    148.80   0.99985   0.99614   0.00000   0.00000   0.00386   0.00386
    149.00   0.99985   0.99609   0.00000   0.00000   0.00391   0.00391
    149.20   0.99985   0.99605   0.00000   0.00000   0.00395   0.00395
    149.40   0.99985   0.99601  -0.00000   0.00000   0.00399   0.00399
    149.60   0.99985   0.99596   0.00000   0.00000   0.00404   0.00404
    149.80   0.99985   0.99592   0.00000   0.00000   0.00408   0.00408
    150.00   0.99985   0.99587   0.00000   0.00000   0.00413   0.00413
    150.20   0.99985   0.99582  -0.00000   0.00000   0.00418   0.00418
    150.40   0.99985   0.99578  -0.00000   0.00000   0.00422   0.00422
    150.60   0.99985   0.99573   0.00000   0.00000   0.00427   0.00427
    150.80   0.99985   0.99568  -0.00000   0.00000   0.00432   0.00432
    151.00   0.99985   0.99563  -0.00000  -0.00000   0.00437   0.00437
    151.20   0.99984   0.99558   0.00000   0.00000   0.00442   0.00442
    151.40   0.99984   0.99553   0.00000   0.00000   0.00447   0.00447
    151.60   0.99984   0.99548  -0.00000   0.00000   0.00452   0.00452
    151.80   0.99984   0.99543  -0.00000   0.00000   0.00457   0.00457
    152.00   0.99984   0.99538   0.00000   0.00000   0.00462   0.00462
    152.20   0.99984   0.99533  -0.00000   0.00000   0.00467   0.00467
    152.40   0.99984   0.99527   0.00000  -0.00000   0.00473   0.00473
    152.60   0.99984   0.99522  -0.00000   0.00000   0.00478   0.00478
    152.80   0.99984   0.99517   0.00000   0.00000   0.00483   0.00483
    153.00   0.99984   0.99511   0.00000   0.00000   0.00489   0.00489
    153.20   0.99984   0.99506  -0.00000   0.00000   0.00494   0.00494
    153.40   0.99984   0.99500  -0.00000  -0.00000   0.00500   0.00500
    153.60   0.99984   0.99494   0.00000   0.00000   0.00506   0.00506
    153.80   0.99984   0.99488   0.00000   0.00000   0.00512   0.00512
    154.00   0.99984   0.99483   0.00000  -0.00000   0.00517   0.00517
    154.20   0.99984   0.99477  -0.00000   0.00000   0.00523   0.00523
    154.40   0.99983   0.99471   0.00000   0.00000   0.00529   0.00529
    154.60   0.99983   0.99465   0.00000   0.00000   0.00535   0.00535
    154.80   0.99983   0.99459  -0.00000   0.00000   0.00541   0.00541
    155.00   0.99983   0.99452   0.00000   0.00000   0.00548   0.00548
    155.20   0.99983   0.99446   0.00000   0.00000   0.00554   0.00554
    155.40   0.99983   0.99440   0.00000   0.00000   0.00560   0.00560
    155.60   0.99983   0.99433   0.00000   0.00000   0.00567   0.00567
    155.80   0.99983   0.99427   0.00000   0.00000   0.00573   0.00573
    156.00   0.99983   0.99420   0.00000   0.00000   0.00580   0.00580
    156.20   0.99983   0.99414   0.00000   0.00000   0.00586   0.00586
    156.40   0.99983   0.99407   0.00000  -0.00000   0.00593   0.00593
    156.60   0.99983   0.99400   0.00000   0.00000   0.00600   0.00600
    156.80   0.99983   0.99393   0.00000   0.00000   0.00607   0.00607
    157.00   0.99983   0.99386   0.00000   0.00000   0.00614   0.00614
    157.20   0.99983   0.99379  -0.00000   0.00000   0.00621   0.00621
    157.40   0.99983   0.99372   0.00000   0.00000   0.00628   0.00628
    157.60   0.99982   0.99365   0.00000   0.00000   0.00635   0.00635
    157.80   0.99982   0.99358   0.00000   0.00000   0.00642   0.00642
    158.00   0.99982   0.99350   0.00000   0.00000   0.00650   0.00650
    158.20   0.99982   0.99343   0.00000   0.00000   0.00657   0.00657
    158.40   0.99982   0.99335   0.00000   0.00000   0.00665   0.00665
    158.60   0.99982   0.99328   0.00000   0.00000   0.00672   0.00672
    158.80   0.99982   0.99320   0.00000   0.00000   0.00680   0.00680
    159.00   0.99982   0.99312   0.00000   0.00000   0.00688   0.00688
    159.20   0.99982   0.99304  -0.00000   0.00000   0.00696   0.00696
    159.40   0.99982   0.99296   0.00000   0.00000   0.00704   0.00704
    159.60   0.99982   0.99288  -0.00000   0.00000   0.00712   0.00712
    159.80   0.99982   0.99280   0.00000   0.00000   0.00720   0.00720
    160.00   0.99982   0.99272  -0.00000   0.00000   0.00728   0.00728
    160.20   0.99982   0.99264  -0.00000   0.00000   0.00736   0.00736
    160.40   0.99981   0.99255  -0.00000  -0.00000   0.00745   0.00745
    160.60   0.99981   0.99247   0.00000   0.00000   0.00753   0.00753
    160.80   0.99981   0.99238  -0.00000   0.00000   0.00762   0.00762
    161.00   0.99981   0.99230   0.00000  -0.00000   0.00770   0.00770
    161.20   0.99981   0.99221   0.00000   0.00000   0.00779   0.00779
    161.40   0.99981   0.99212  -0.00000   0.00000   0.00788   0.00788
    161.60   0.99981   0.99203  -0.00000  -0.00000   0.00797   0.00797
    161.80   0.99981   0.99194   0.00000  -0.00000   0.00806   0.00806
    162.00   0.99981   0.99185   0.00000   0.00000   0.00815   0.00815
    162.20   0.99981   0.99176   0.00000   0.00000   0.00824   0.00824
    162.40   0.99981   0.99167   0.00000  -0.00000   0.00833   0.00833
    162.60   0.99981   0.99157   0.00000   0.00000   0.00843   0.00843
    162.80   0.99981   0.99148  -0.00000   0.00000   0.00852   0.00852
    163.00   0.99981   0.99139  -0.00000   0.00000   0.00861   0.00861
    163.20   0.99980   0.99129   0.00000   0.00000   0.00871   0.00871
    163.40   0.99980   0.99119  -0.00000   0.00000   0.00881   0.00881
    163.60   0.99980   0.99109   0.00000   0.00000   0.00891   0.00891
    163.80   0.99980   0.99100   0.00000   0.00000   0.00900   0.00900
    164.00   0.99980   0.99090   0.00000   0.00000   0.00910   0.00910
    164.20   0.99980   0.99080   0.00000   0.00000   0.00920   0.00920
    164.40   0.99980   0.99070   0.00000   0.00000   0.00930   0.00930
    164.60   0.99980   0.99059   0.00000   0.00000   0.00941   0.00941
    164.80   0.99980   0.99049   0.00000   0.00000   0.00951   0.00951
    165.00   0.99980   0.99039   0.00000   0.00000   0.00961   0.00961
    165.20   0.99980   0.99029   0.00000   0.00000   0.00971   0.00971
    165.40   0.99980   0.99018  -0.00000   0.00000   0.00982   0.00982
    165.60   0.99980   0.99008  -0.00000   0.00000   0.00992   0.00992
    165.80   0.99979   0.98997   0.00000   0.00000   0.01003   0.01003
    166.00   0.99979   0.98986   0.00000  -0.00000   0.01014   0.01014
    166.20   0.99979   0.98976   0.00000   0.00000   0.01024   0.01024
    166.40   0.99979   0.98965   0.00000  -0.00000   0.01035   0.01035
    166.60   0.99979   0.98954   0.00000   0.00000   0.01046   0.01046
    166.80   0.99979   0.98943  -0.00000   0.00000   0.01057   0.01057
    167.00   0.99979   0.98932  -0.00000   0.00000   0.01068   0.01068
    167.20   0.99979   0.98921   0.00000   0.00000   0.01079   0.01079
    167.40   0.99979   0.98910   0.00000   0.00000   0.01090   0.01090
    167.60   0.99979   0.98899   0.00000   0.00000   0.01101   0.01101
    167.80   0.99979   0.98887   0.00000   0.00000   0.01113   0.01113
    168.00   0.99979   0.98876  -0.00000   0.00000   0.01124   0.01124
    168.20   0.99979   0.98865   0.00000   0.00000   0.01135   0.01135
    168.40   0.99978   0.98853   0.00000   0.00000   0.01147   0.01147
    168.60   0.99978   0.98842  -0.00000  -0.00000   0.01158   0.01158
    168.80   0.99978   0.98830   0.00000   0.00000   0.01170   0.01170
    169.00   0.99978   0.98819   0.00000   0.00000   0.01181   0.01181
    169.20   0.99978   0.98808   0.00000   0.00000   0.01192   0.01192
    169.40   0.99978   0.98796   0.00000   0.00000   0.01204   0.01204
    169.60   0.99978   0.98784   0.00000   0.00000   0.01216   0.01216
    169.80   0.99978   0.98773   0.00000   0.00000   0.01227   0.01227
    170.00   0.99978   0.98761  -0.00000   0.00000   0.01239   0.01239
    170.20   0.99978   0.98750   0.00000  -0.00000   0.01250   0.01250
    170.40   0.99978   0.98738   0.00000   0.00000   0.01262   0.01262
    170.60   0.99978   0.98726   0.00000  -0.00000   0.01274   0.01274
    170.80   0.99977   0.98715   0.00000   0.00000   0.01285   0.01285
    171.00   0.99977   0.98703   0.00000  -0.00000   0.01297   0.01297
    171.20   0.99977   0.98692  -0.00000   0.00000   0.01308   0.01308
    171.40   0.99977   0.98680   0.00000  -0.00000   0.01320   0.01320
    171.60   0.99977   0.98668   0.00000   0.00000   0.01332   0.01332
    171.80   0.99977   0.98657   0.00000   0.00000   0.01343   0.01343
    172.00   0.99977   0.98645   0.00000  -0.00000   0.01355   0.01355
    172.20   0.99977   0.98634   0.00000   0.00000   0.01366   0.01366
    172.40   0.99977   0.98622   0.00000   0.00000   0.01378   0.01378
    172.60   0.99977   0.98611   0.00000   0.00000   0.01389   0.01389
    172.80   0.99977   0.98599  -0.00000   0.00000   0.01401   0.01401
    173.00   0.99976   0.98588   0.00000   0.00000   0.01412   0.01412
    173.20   0.99976   0.98577   0.00000   0.00000   0.01423   0.01423
    173.40   0.99976   0.98566   0.00000   0.00000   0.01434   0.01434
    173.60   0.99976   0.98555   0.00000   0.00000   0.01445   0.01445
    173.80   0.99976   0.98544  -0.00000   0.00000   0.01456   0.01456
    174.00   0.99976   0.98533   0.00000   0.00000   0.01467   0.01467
    174.20   0.99976   0.98522  -0.00000  -0.00000   0.01478   0.01478
    174.40   0.99976   0.98511   0.00000   0.00000   0.01489   0.01489
    174.60   0.99976   0.98500  -0.00000   0.00000   0.01500   0.01500
    174.80   0.99976   0.98490  -0.00000   0.00000   0.01510   0.01510
    175.00   0.99976   0.98479   0.00000   0.00000   0.01521   0.01521
    175.20   0.99975   0.98469  -0.00000  -0.00000   0.01531   0.01531
    175.40   0.99975   0.98458   0.00000  -0.00000   0.01542   0.01542
    175.60   0.99975   0.98448   0.00000   0.00000   0.01552   0.01552
    175.80   0.99975   0.98438   0.00000   0.00000   0.01562   0.01562
    176.00   0.99975   0.98428   0.00000   0.00000   0.01572   0.01572
    176.20   0.99975   0.98419   0.00000   0.00000   0.01581   0.01581
    176.40   0.99975   0.98409  -0.00000  -0.00000   0.01591   0.01591
    176.60   0.99975   0.98400   0.00000   0.00000   0.01600   0.01600
    176.80   0.99975   0.98390   0.00000  -0.00000   0.01610   0.01610
    177.00   0.99975   0.98381  -0.00000   0.00000   0.01619   0.01619
    177.20   0.99975   0.98372  -0.00000   0.00000   0.01628   0.01628
    177.40   0.99974   0.98364   0.00000   0.00000   0.01636   0.01636
    177.60   0.99974   0.98355   0.00000   0.00000   0.01645   0.01645
    177.80   0.99974   0.98347  -0.00000   0.00000   0.01653   0.01653
    178.00   0.99974   0.98338   0.00000   0.00000   0.01662   0.01662
    178.20   0.99974   0.98330  -0.00000   0.00000   0.01670   0.01670
    178.40   0.99974   0.98323   0.00000  -0.00000   0.01677   0.01677
    178.60   0.99974   0.98315   0.00000   0.00000   0.01685   0.01685
    178.80   0.99974   0.98308   0.00000   0.00000   0.01692   0.01692
    179.00   0.99974   0.98300   0.00000  -0.00000   0.01700   0.01700
    179.20   0.99974   0.98293   0.00000   0.00000   0.01707   0.01707
    179.40   0.99973   0.98287   0.00000   0.00000   0.01713   0.01713
    179.60   0.99973   0.98280   0.00000   0.00000   0.01720   0.01720
    179.80   0.99973   0.98274   0.00000   0.00000   0.01726   0.01726
    180.00   0.99973   0.98268  -0.00000   0.00000   0.01732   0.01732
    180.20   0.99973   0.98262   0.00000   0.00000   0.01738   0.01738
    180.40   0.99973   0.98256  -0.00000   0.00000   0.01744   0.01744
    180.60   0.99973   0.98251   0.00000   0.00000   0.01749   0.01749
    180.80   0.99973   0.98246   0.00000   0.00000   0.01754   0.01754
    181.00   0.99973   0.98241   0.00000   0.00000   0.01759   0.01759
    181.20   0.99973   0.98237   0.00000   0.00000   0.01763   0.01763
    181.40   0.99972   0.98232   0.00000   0.00000   0.01768   0.01768
    181.60   0.99972   0.98228   0.00000   0.00000   0.01772   0.01772
    181.80   0.99972   0.98224  -0.00000   0.00000   0.01776   0.01776
    182.00   0.99972   0.98221  -0.00000   0.00000   0.01779   0.01779
    182.20   0.99972   0.98218   0.00000   0.00000   0.01782   0.01782
    182.40   0.99972   0.98215  -0.00000   0.00000   0.01785   0.01785
    182.60   0.99972   0.98212   0.00000   0.00000   0.01788   0.01788
    182.80   0.99972   0.98209   0.00000   0.00000   0.01791   0.01791
    183.00   0.99972   0.98207   0.00000  -0.00000   0.01793   0.01793
    183.20   0.99972   0.98205  -0.00000   0.00000   0.01795   0.01795
    183.40   0.99971   0.98203   0.00000   0.00000   0.01797   0.01797
    183.60   0.99971   0.98202   0.00000   0.00000   0.01798   0.01798
    183.80   0.99971   0.98200  -0.00000  -0.00000   0.01800   0.01800
    184.00   0.99971   0.98200   0.00000   0.00000   0.01800   0.01800
    184.20   0.99971   0.98199   0.00000  -0.00000   0.01801   0.01801
    184.40   0.99971   0.98198   0.00000   0.00000   0.01802   0.01802
    184.60   0.99971   0.98198   0.00000   0.00000   0.01802   0.01802
    184.80   0.99971   0.98198   0.00000   0.00000   0.01802   0.01802
    185.00   0.99971   0.98198   0.00000   0.00000   0.01802   0.01802
    185.20   0.99970   0.98199   0.00000   0.00000   0.01801   0.01801
    185.40   0.99970   0.98200   0.00000   0.00000   0.01800   0.01800
    185.60   0.99970   0.98201  -0.00000   0.00000   0.01799   0.01799
    185.80   0.99970   0.98202   0.00000   0.00000   0.01798   0.01798
    186.00   0.99970   0.98204  -0.00000   0.00000   0.01796   0.01796
    186.20   0.99970   0.98205   0.00000   0.00000   0.01795   0.01795
    186.40   0.99970   0.98207   0.00000   0.00000   0.01793   0.01793
    186.60   0.99970   0.98210   0.00000   0.00000   0.01790   0.01790
    186.80   0.99970   0.98212   0.00000   0.00000   0.01788   0.01788
    187.00   0.99969   0.98215   0.00000   0.00000   0.01785   0.01785
    187.20   0.99969   0.98218  -0.00000  -0.00000   0.01782   0.01782
    187.40   0.99969   0.98221   0.00000   0.00000   0.01779   0.01779
    187.60   0.99969   0.98224   0.00000   0.00000   0.01776   0.01776
    187.80   0.99969   0.98227  -0.00000   0.00000   0.01773   0.01773
    188.00   0.99969   0.98231  -0.00000  -0.00000   0.01769   0.01769
    188.20   0.99969   0.98235   0.00000   0.00000   0.01765   0.01765
    188.40   0.99969   0.98239  -0.00000   0.00000   0.01761   0.01761
    188.60   0.99968   0.98243  -0.00000  -0.00000   0.01757   0.01757
    188.80   0.99968   0.98248   0.00000   0.00000   0.01752   0.01752
    189.00   0.99968   0.98253   0.00000  -0.00000   0.01747   0.01747
    189.20   0.99968   0.98257   0.00000   0.00000   0.01743   0.01743
    189.40   0.99968   0.98262   0.00000   0.00000   0.01738   0.01738
    189.60   0.99968   0.98267   0.00000   0.00000   0.01733   0.01733
    189.80   0.99968   0.98273   0.00000   0.00000   0.01727   0.01727
    190.00   0.99968   0.98278  -0.00000  -0.00000   0.01722   0.01722
    190.20   0.99968   0.98284   0.00000  -0.00000   0.01716   0.01716
    190.40   0.99967   0.98290   0.00000  -0.00000   0.01710   0.01710
    190.60   0.99967   0.98295  -0.00000   0.00000   0.01705   0.01705
    190.80   0.99967   0.98302  -0.00000   0.00000   0.01698   0.01698
    191.00   0.99967   0.98308  -0.00000   0.00000   0.01692   0.01692
    191.20   0.99967   0.98314   0.00000   0.00000   0.01686   0.01686
    191.40   0.99967   0.98320   0.00000   0.00000   0.01680   0.01680
    191.60   0.99967   0.98327   0.00000   0.00000   0.01673   0.01673
    191.80   0.99967   0.98334  -0.00000   0.00000   0.01666   0.01666
    192.00   0.99966   0.98340   0.00000   0.00000   0.01660   0.01660
    192.20   0.99966   0.98347   0.00000   0.00000   0.01653   0.01653
    192.40   0.99966   0.98354  -0.00000   0.00000   0.01646   0.01646
    192.60   0.99966   0.98361   0.00000   0.00000   0.01639   0.01639
    192.80   0.99966   0.98368   0.00000   0.00000   0.01632   0.01632
    193.00   0.99966   0.98376  -0.00000   0.00000   0.01624   0.01624
    193.20   0.99966   0.98383   0.00000   0.00000   0.01617   0.01617
    193.40   0.99966   0.98390  -0.00000  -0.00000   0.01610   0.01610
    193.60   0.99965   0.98398   0.00000   0.00000   0.01602   0.01602
    193.80   0.99965   0.98405   0.00000   0.00000   0.01595   0.01595
    194.00   0.99965   0.98413   0.00000   0.00000   0.01587   0.01587
    194.20   0.99965   0.98421   0.00000   0.00000   0.01579   0.01579
    194.40   0.99965   0.98428   0.00000   0.00000   0.01572   0.01572
    194.60   0.99965   0.98436   0.00000  -0.00000   0.01564   0.01564
    194.80   0.99965   0.98444  -0.00000   0.00000   0.01556   0.01556
    195.00   0.99964   0.98452   0.00000  -0.00000   0.01548   0.01548
    195.20   0.99964   0.98460  -0.00000   0.00000   0.01540   0.01540
    195.40   0.99964   0.98468  -0.00000  -0.00000   0.01532   0.01532
    195.60   0.99964   0.98476  -0.00000   0.00000   0.01524   0.01524
    195.80   0.99964   0.98484   0.00000   0.00000   0.01516   0.01516
    196.00   0.99964   0.98492   0.00000   0.00000   0.01508   0.01508
    196.20   0.99964   0.98500   0.00000   0.00000   0.01500   0.01500
    196.40   0.99964   0.98508   0.00000   0.00000   0.01492   0.01492
    196.60   0.99963   0.98516  -0.00000  -0.00000   0.01484   0.01484
    196.80   0.99963   0.98524   0.00000  -0.00000   0.01476   0.01476
    197.00   0.99963   0.98532  -0.00000   0.00000   0.01468   0.01468
    197.20   0.99963   0.98540   0.00000   0.00000   0.01460   0.01460
    197.40   0.99963   0.98549   0.00000   0.00000   0.01451   0.01451
    197.60   0.99963   0.98557  -0.00000  -0.00000   0.01443   0.01443
    197.80   0.99963   0.98565   0.00000  -0.00000   0.01435   0.01435
    198.00   0.99962   0.98573   0.00000   0.00000   0.01427   0.01427
    198.20   0.99962   0.98581   0.00000   0.00000   0.01419   0.01419
    198.40   0.99962   0.98589   0.00000   0.00000   0.01411   0.01411
    198.60   0.99962   0.98598   0.00000   0.00000   0.01402   0.01402
    198.80   0.99962   0.98606  -0.00000   0.00000   0.01394   0.01394
    199.00   0.99962   0.98614   0.00000   0.00000   0.01386   0.01386
    199.20   0.99962   0.98622   0.00000   0.00000   0.01378   0.01378
    199.40   0.99961   0.98630   0.00000   0.00000   0.01370   0.01370
    199.60   0.99961   0.98638  -0.00000   0.00000   0.01362   0.01362
    199.80   0.99961   0.98646   0.00000   0.00000   0.01354   0.01354

Powder absorption results
      freq  absorption (cm-1)
      0.00     0.00000
      0.20     0.00000
      0.40     0.00000
      0.60     0.00000
      0.80     0.00000
      1.00     0.00000
      1.20     0.00000
      1.40     0.00000
      1.60     0.00000
      1.80     0.00000
      2.00     0.00000
      2.20     0.00000
      2.40     0.00000
      2.60     0.00001
      2.80     0.00001
      3.00     0.00001
      3.20     0.00001
      3.40     0.00001
      3.60     0.00001
      3.80     0.00001
      4.00     0.00001
      4.20     0.00001
      4.40     0.00002
      4.60     0.00002
      4.80     0.00002
      5.00     0.00002
      5.20     0.00002
      5.40     0.00002
      5.60     0.00003
      5.80     0.00003
      6.00     0.00003
      6.20     0.00003
      6.40     0.00003
      6.60     0.00004
      6.80     0.00004
      7.00     0.00004
      7.20     0.00004
      7.40     0.00004
      7.60     0.00005
      7.80     0.00005
      8.00     0.00005
      8.20     0.00005
      8.40     0.00006
      8.60     0.00006
      8.80     0.00006
      9.00     0.00007
      9.20     0.00007
      9.40     0.00007
      9.60     0.00007
      9.80     0.00008
     10.00     0.00008
     10.20     0.00008
     10.40     0.00009
     10.60     0.00009
     10.80     0.00009
     11.00     0.00010
     11.20     0.00010
     11.40     0.00011
     11.60     0.00011
     11.80     0.00011
     12.00     0.00012
     12.20     0.00012
     12.40     0.00012
     12.60     0.00013
     12.80     0.00013
     13.00     0.00014
     13.20     0.00014
     13.40     0.00015
     13.60     0.00015
     13.80     0.00015
     14.00     0.00016
     14.20     0.00016
     14.40     0.00017
     14.60     0.00017
     14.80     0.00018
     15.00     0.00018
     15.20     0.00019
     15.40     0.00019
     15.60     0.00020
     15.80     0.00020
     16.00     0.00021
     16.20     0.00021
     16.40     0.00022
     16.60     0.00022
     16.80     0.00023
     17.00     0.00024
     17.20     0.00024
     17.40     0.00025
     17.60     0.00025
     17.80     0.00026
     18.00     0.00026
     18.20     0.00027
     18.40     0.00028
     18.60     0.00028
     18.80     0.00029
     19.00     0.00029
     19.20     0.00030
     19.40     0.00031
     19.60     0.00031
     19.80     0.00032
     20.00     0.00033
     20.20     0.00033
     20.40     0.00034
     20.60     0.00035
     20.80     0.00035
     21.00     0.00036
     21.20     0.00037
     21.40     0.00037
     21.60     0.00038
     21.80     0.00039
     22.00     0.00039
     22.20     0.00040
     22.40     0.00041
     22.60     0.00042
     22.80     0.00042
     23.00     0.00043
     23.20     0.00044
     23.40     0.00045
     23.60     0.00045
     23.80     0.00046
     24.00     0.00047
     24.20     0.00048
     24.40     0.00049
     24.60     0.00049
     24.80     0.00050
     25.00     0.00051
     25.20     0.00052
     25.40     0.00053
     25.60     0.00054
     25.80     0.00054
     26.00     0.00055
     26.20     0.00056
     26.40     0.00057
     26.60     0.00058
     26.80     0.00059
     27.00     0.00060
     27.20     0.00060
     27.40     0.00061
     27.60     0.00062
     27.80     0.00063
     28.00     0.00064
     28.20     0.00065
     28.40     0.00066
     28.60     0.00067
     28.80     0.00068
     29.00     0.00069
     29.20     0.00070
     29.40     0.00071
     29.60     0.00072
     29.80     0.00073
     30.00     0.00074
     30.20     0.00075
     30.40     0.00076
     30.60     0.00077
     30.80     0.00078
     31.00     0.00079
     31.20     0.00080
     31.40     0.00081
     31.60     0.00082
     31.80     0.00083
     32.00     0.00084
     32.20     0.00085
     32.40     0.00086
     32.60     0.00087
     32.80     0.00088
     33.00     0.00089
     33.20     0.00090
     33.40     0.00092
     33.60     0.00093
     33.80     0.00094
     34.00     0.00095
     34.20     0.00096
     34.40     0.00097
     34.60     0.00098
     34.80     0.00099
     35.00     0.00101
     35.20     0.00102
     35.40     0.00103
     35.60     0.00104
     35.80     0.00105
     36.00     0.00107
     36.20     0.00108
     36.40     0.00109
     36.60     0.00110
     36.80     0.00111
     37.00     0.00113
     37.20     0.00114
     37.40     0.00115
     37.60     0.00116
     37.80     0.00118
     38.00     0.00119
     38.20     0.00120
     38.40     0.00121
     38.60     0.00123
     38.80     0.00124
     39.00     0.00125
     39.20     0.00127
     39.40     0.00128
     39.60     0.00129
     39.80     0.00131
     40.00     0.00132
     40.20     0.00133
     40.40     0.00135
     40.60     0.00136
     40.80     0.00137
     41.00     0.00139
     41.20     0.00140
     41.40     0.00142
     41.60     0.00143
     41.80     0.00144
     42.00     0.00146
     42.20     0.00147
     42.40     0.00149
     42.60     0.00150
     42.80     0.00151
     43.00     0.00153
     43.20     0.00154
     43.40     0.00156
     43.60     0.00157
     43.80     0.00159
     44.00     0.00160
     44.20     0.00162
     44.40     0.00163
     44.60     0.00165
     44.80     0.00166
     45.00     0.00168
     45.20     0.00169
     45.40     0.00171
     45.60     0.00172
     45.80     0.00174
     46.00     0.00175
     46.20     0.00177
     46.40     0.00179
     46.60     0.00180
     46.80     0.00182
     47.00     0.00183
     47.20     0.00185
     47.40     0.00186
     47.60     0.00188
     47.80     0.00190
     48.00     0.00191
     48.20     0.00193
     48.40     0.00195
     48.60     0.00196
     48.80     0.00198
     49.00     0.00200
     49.20     0.00201
     49.40     0.00203
     49.60     0.00205
     49.80     0.00206
     50.00     0.00208
     50.20     0.00210
     50.40     0.00211
     50.60     0.00213
     50.80     0.00215
     51.00     0.00217
     51.20     0.00218
     51.40     0.00220
     51.60     0.00222
     51.80     0.00224
     52.00     0.00226
     52.20     0.00227
     52.40     0.00229
     52.60     0.00231
     52.80     0.00233
     53.00     0.00235
     53.20     0.00236
     53.40     0.00238
     53.60     0.00240
     53.80     0.00242
     54.00     0.00244
     54.20     0.00246
     54.40     0.00247
     54.60     0.00249
     54.80     0.00251
     55.00     0.00253
     55.20     0.00255
     55.40     0.00257
     55.60     0.00259
     55.80     0.00261
     56.00     0.00263
     56.20     0.00265
     56.40     0.00267
     56.60     0.00269
     56.80     0.00270
     57.00     0.00272
     57.20     0.00274
     57.40     0.00276
     57.60     0.00278
     57.80     0.00280
     58.00     0.00282
     58.20     0.00284
     58.40     0.00286
     58.60     0.00289
     58.80     0.00291
     59.00     0.00293
     59.20     0.00295
     59.40     0.00297
     59.60     0.00299
     59.80     0.00301
     60.00     0.00303
     60.20     0.00305
     60.40     0.00307
     60.60     0.00309
     60.80     0.00311
     61.00     0.00314
     61.20     0.00316
     61.40     0.00318
     61.60     0.00320
     61.80     0.00322
     62.00     0.00324
     62.20     0.00327
     62.40     0.00329
     62.60     0.00331
     62.80     0.00333
     63.00     0.00335
     63.20     0.00338
     63.40     0.00340
     63.60     0.00342
     63.80     0.00344
     64.00     0.00346
     64.20     0.00349
     64.40     0.00351
     64.60     0.00353
     64.80     0.00356
     65.00     0.00358
     65.20     0.00360
     65.40     0.00362
     65.60     0.00365
     65.80     0.00367
     66.00     0.00369
     66.20     0.00372
     66.40     0.00374
     66.60     0.00377
     66.80     0.00379
     67.00     0.00381
     67.20     0.00384
     67.40     0.00386
     67.60     0.00388
     67.80     0.00391
     68.00     0.00393
     68.20     0.00396
     68.40     0.00398
     68.60     0.00401
     68.80     0.00403
     69.00     0.00405
     69.20     0.00408
     69.40     0.00410
     69.60     0.00413
     69.80     0.00415
     70.00     0.00418
     70.20     0.00420
     70.40     0.00423
     70.60     0.00425
     70.80     0.00428
     71.00     0.00431
     71.20     0.00433
     71.40     0.00436
     71.60     0.00438
     71.80     0.00441
     72.00     0.00443
     72.20     0.00446
     72.40     0.00449
     72.60     0.00451
     72.80     0.00454
     73.00     0.00457
     73.20     0.00459
     73.40     0.00462
     73.60     0.00464
     73.80     0.00467
     74.00     0.00470
     74.20     0.00473
     74.40     0.00475
     74.60     0.00478
     74.80     0.00481
     75.00     0.00483
     75.20     0.00486
     75.40     0.00489
     75.60     0.00492
     75.80     0.00494
     76.00     0.00497
     76.20     0.00500
     76.40     0.00503
     76.60     0.00505
     76.80     0.00508
     77.00     0.00511
     77.20     0.00514
     77.40     0.00517
     77.60     0.00520
     77.80     0.00522
     78.00     0.00525
     78.20     0.00528
     78.40     0.00531
     78.60     0.00534
     78.80     0.00537
     79.00     0.00540
     79.20     0.00543
     79.40     0.00546
     79.60     0.00548
     79.80     0.00551
     80.00     0.00554
     80.20     0.00557
     80.40     0.00560
     80.60     0.00563
     80.80     0.00566
     81.00     0.00569
     81.20     0.00572
     81.40     0.00575
     81.60     0.00578
     81.80     0.00581
     82.00     0.00584
     82.20     0.00587
     82.40     0.00590
     82.60     0.00594
     82.80     0.00597
     83.00     0.00600
     83.20     0.00603
     83.40     0.00606
     83.60     0.00609
     83.80     0.00612
     84.00     0.00615
     84.20     0.00618
     84.40     0.00622
     84.60     0.00625
     84.80     0.00628
     85.00     0.00631
     85.20     0.00634
     85.40     0.00638
     85.60     0.00641
     85.80     0.00644
     86.00     0.00647
     86.20     0.00651
     86.40     0.00654
     86.60     0.00657
     86.80     0.00660
     87.00     0.00664
     87.20     0.00667
     87.40     0.00670
     87.60     0.00674
     87.80     0.00677
     88.00     0.00680
     88.20     0.00684
     88.40     0.00687
     88.60     0.00690
     88.80     0.00694
     89.00     0.00697
     89.20     0.00700
     89.40     0.00704
     89.60     0.00707
     89.80     0.00711
     90.00     0.00714
     90.20     0.00718
     90.40     0.00721
     90.60     0.00724
     90.80     0.00728
     91.00     0.00731
     91.20     0.00735
     91.40     0.00738
     91.60     0.00742
     91.80     0.00745
     92.00     0.00749
     92.20     0.00753
     92.40     0.00756
     92.60     0.00760
     92.80     0.00763
     93.00     0.00767
     93.20     0.00770
     93.40     0.00774
     93.60     0.00778
     93.80     0.00781
     94.00     0.00785
     94.20     0.00789
     94.40     0.00792
     94.60     0.00796
     94.80     0.00800
     95.00     0.00803
     95.20     0.00807
     95.40     0.00811
     95.60     0.00814
     95.80     0.00818
     96.00     0.00822
     96.20     0.00826
     96.40     0.00829
     96.60     0.00833
     96.80     0.00837
     97.00     0.00841
     97.20     0.00845
     97.40     0.00848
     97.60     0.00852
     97.80     0.00856
     98.00     0.00860
     98.20     0.00864
     98.40     0.00868
     98.60     0.00872
     98.80     0.00876
     99.00     0.00879
     99.20     0.00883
     99.40     0.00887
     99.60     0.00891
     99.80     0.00895
    100.00     0.00899
    100.20     0.00903
    100.40     0.00907
    100.60     0.00911
    100.80     0.00915
    101.00     0.00919
    101.20     0.00923
    101.40     0.00927
    101.60     0.00931
    101.80     0.00935
    102.00     0.00939
    102.20     0.00944
    102.40     0.00948
    102.60     0.00952
    102.80     0.00956
    103.00     0.00960
    103.20     0.00964
    103.40     0.00968
    103.60     0.00973
    103.80     0.00977
    104.00     0.00981
    104.20     0.00985
    104.40     0.00989
    104.60     0.00994
    104.80     0.00998
    105.00     0.01002
    105.20     0.01006
    105.40     0.01011
    105.60     0.01015
    105.80     0.01019
    106.00     0.01023
    106.20     0.01028
    106.40     0.01032
    106.60     0.01036
    106.80     0.01041
    107.00     0.01045
    107.20     0.01050
    107.40     0.01054
    107.60     0.01058
    107.80     0.01063
    108.00     0.01067
    108.20     0.01072
    108.40     0.01076
    108.60     0.01081
    108.80     0.01085
    109.00     0.01090
    109.20     0.01094
    109.40     0.01099
    109.60     0.01103
    109.80     0.01108
    110.00     0.01112
    110.20     0.01117
    110.40     0.01121
    110.60     0.01126
    110.80     0.01131
    111.00     0.01135
    111.20     0.01140
    111.40     0.01144
    111.60     0.01149
    111.80     0.01154
    112.00     0.01158
    112.20     0.01163
    112.40     0.01168
    112.60     0.01173
    112.80     0.01177
    113.00     0.01182
    113.20     0.01187
    113.40     0.01192
    113.60     0.01196
    113.80     0.01201
    114.00     0.01206
    114.20     0.01211
    114.40     0.01216
    114.60     0.01220
    114.80     0.01225
    115.00     0.01230
    115.20     0.01235
    115.40     0.01240
    115.60     0.01245
    115.80     0.01250
    116.00     0.01255
    116.20     0.01260
    116.40     0.01265
    116.60     0.01270
    116.80     0.01275
    117.00     0.01280
    117.20     0.01285
    117.40     0.01290
    117.60     0.01295
    117.80     0.01300
    118.00     0.01305
    118.20     0.01310
    118.40     0.01315
    118.60     0.01320
    118.80     0.01325
    119.00     0.01330
    119.20     0.01335
    119.40     0.01341
    119.60     0.01346
    119.80     0.01351
    120.00     0.01356
    120.20     0.01361
    120.40     0.01367
    120.60     0.01372
    120.80     0.01377
    121.00     0.01382
    121.20     0.01388
    121.40     0.01393
    121.60     0.01398
    121.80     0.01404
    122.00     0.01409
    122.20     0.01414
    122.40     0.01420
    122.60     0.01425
    122.80     0.01431
    123.00     0.01436
    123.20     0.01441
    123.40     0.01447
    123.60     0.01452
    123.80     0.01458
    124.00     0.01463
    124.20     0.01469
    124.40     0.01474
    124.60     0.01480
    124.80     0.01485
    125.00     0.01491
    125.20     0.01496
    125.40     0.01502
    125.60     0.01508
    125.80     0.01513
    126.00     0.01519
    126.20     0.01525
    126.40     0.01530
    126.60     0.01536
    126.80     0.01542
    127.00     0.01547
    127.20     0.01553
    127.40     0.01559
    127.60     0.01564
    127.80     0.01570
    128.00     0.01576
    128.20     0.01582
    128.40     0.01588
    128.60     0.01593
    128.80     0.01599
    129.00     0.01605
    129.20     0.01611
    129.40     0.01617
    129.60     0.01623
    129.80     0.01629
    130.00     0.01635
    130.20     0.01641
    130.40     0.01647
    130.60     0.01653
    130.80     0.01659
    131.00     0.01665
    131.20     0.01671
    131.40     0.01677
    131.60     0.01683
    131.80     0.01689
    132.00     0.01695
    132.20     0.01701
    132.40     0.01707
    132.60     0.01713
    132.80     0.01719
    133.00     0.01725
    133.20     0.01732
    133.40     0.01738
    133.60     0.01744
    133.80     0.01750
    134.00     0.01757
    134.20     0.01763
    134.40     0.01769
    134.60     0.01775
    134.80     0.01782
    135.00     0.01788
    135.20     0.01794
    135.40     0.01801
    135.60     0.01807
    135.80     0.01813
    136.00     0.01820
    136.20     0.01826
    136.40     0.01833
    136.60     0.01839
    136.80     0.01846
    137.00     0.01852
    137.20     0.01859
    137.40     0.01865
    137.60     0.01872
    137.80     0.01878
    138.00     0.01885
    138.20     0.01892
    138.40     0.01898
    138.60     0.01905
    138.80     0.01911
    139.00     0.01918
    139.20     0.01925
    139.40     0.01931
    139.60     0.01938
    139.80     0.01945
    140.00     0.01952
    140.20     0.01958
    140.40     0.01965
    140.60     0.01972
    140.80     0.01979
    141.00     0.01986
    141.20     0.01992
    141.40     0.01999
    141.60     0.02006
    141.80     0.02013
    142.00     0.02020
    142.20     0.02027
    142.40     0.02034
    142.60     0.02041
    142.80     0.02048
    143.00     0.02055
    143.20     0.02062
    143.40     0.02069
    143.60     0.02076
    143.80     0.02083
    144.00     0.02090
    144.20     0.02097
    144.40     0.02105
    144.60     0.02112
    144.80     0.02119
    145.00     0.02126
    145.20     0.02133
    145.40     0.02141
    145.60     0.02148
    145.80     0.02155
    146.00     0.02162
    146.20     0.02170
    146.40     0.02177
    146.60     0.02184
    146.80     0.02192
    147.00     0.02199
    147.20     0.02206
    147.40     0.02214
    147.60     0.02221
    147.80     0.02229
    148.00     0.02236
    148.20     0.02244
    148.40     0.02251
    148.60     0.02259
    148.80     0.02266
    149.00     0.02274
    149.20     0.02281
    149.40     0.02289
    149.60     0.02297
    149.80     0.02304
    150.00     0.02312
    150.20     0.02320
    150.40     0.02327
    150.60     0.02335
    150.80     0.02343
    151.00     0.02351
    151.20     0.02358
    151.40     0.02366
    151.60     0.02374
    151.80     0.02382
    152.00     0.02390
    152.20     0.02398
    152.40     0.02406
    152.60     0.02414
    152.80     0.02421
    153.00     0.02429
    153.20     0.02437
    153.40     0.02445
    153.60     0.02453
    153.80     0.02462
    154.00     0.02470
    154.20     0.02478
    154.40     0.02486
    154.60     0.02494
    154.80     0.02502
    155.00     0.02510
    155.20     0.02518
    155.40     0.02527
    155.60     0.02535
    155.80     0.02543
    156.00     0.02551
    156.20     0.02560
    156.40     0.02568
    156.60     0.02576
    156.80     0.02585
    157.00     0.02593
    157.20     0.02602
    157.40     0.02610
    157.60     0.02619
    157.80     0.02627
    158.00     0.02635
    158.20     0.02644
    158.40     0.02653
    158.60     0.02661
    158.80     0.02670
    159.00     0.02678
    159.20     0.02687
    159.40     0.02696
    159.60     0.02704
    159.80     0.02713
    160.00     0.02722
    160.20     0.02730
    160.40     0.02739
    160.60     0.02748
    160.80     0.02757
    161.00     0.02766
    161.20     0.02774
    161.40     0.02783
    161.60     0.02792
    161.80     0.02801
    162.00     0.02810
    162.20     0.02819
    162.40     0.02828
    162.60     0.02837
    162.80     0.02846
    163.00     0.02855
    163.20     0.02864
    163.40     0.02873
    163.60     0.02882
    163.80     0.02892
    164.00     0.02901
    164.20     0.02910
    164.40     0.02919
    164.60     0.02928
    164.80     0.02938
    165.00     0.02947
    165.20     0.02956
    165.40     0.02966
    165.60     0.02975
    165.80     0.02984
    166.00     0.02994
    166.20     0.03003
    166.40     0.03013
    166.60     0.03022
    166.80     0.03032
    167.00     0.03041
    167.20     0.03051
    167.40     0.03060
    167.60     0.03070
    167.80     0.03080
    168.00     0.03089
    168.20     0.03099
    168.40     0.03109
    168.60     0.03118
    168.80     0.03128
    169.00     0.03138
    169.20     0.03148
    169.40     0.03158
    169.60     0.03167
    169.80     0.03177
    170.00     0.03187
    170.20     0.03197
    170.40     0.03207
    170.60     0.03217
    170.80     0.03227
    171.00     0.03237
    171.20     0.03247
    171.40     0.03257
    171.60     0.03267
    171.80     0.03278
    172.00     0.03288
    172.20     0.03298
    172.40     0.03308
    172.60     0.03318
    172.80     0.03329
    173.00     0.03339
    173.20     0.03349
    173.40     0.03360
    173.60     0.03370
    173.80     0.03380
    174.00     0.03391
    174.20     0.03401
    174.40     0.03412
    174.60     0.03422
    174.80     0.03433
    175.00     0.03443
    175.20     0.03454
    175.40     0.03465
    175.60     0.03475
    175.80     0.03486
    176.00     0.03497
    176.20     0.03507
    176.40     0.03518
    176.60     0.03529
    176.80     0.03540
    177.00     0.03551
    177.20     0.03561
    177.40     0.03572
    177.60     0.03583
    177.80     0.03594
    178.00     0.03605
    178.20     0.03616
    178.40     0.03627
    178.60     0.03638
    178.80     0.03650
    179.00     0.03661
    179.20     0.03672
    179.40     0.03683
    179.60     0.03694
    179.80     0.03705
    180.00     0.03717
    180.20     0.03728
    180.40     0.03739
    180.60     0.03751
    180.80     0.03762
    181.00     0.03774
    181.20     0.03785
    181.40     0.03796
    181.60     0.03808
    181.80     0.03820
    182.00     0.03831
    182.20     0.03843
    182.40     0.03854
    182.60     0.03866
    182.80     0.03878
    183.00     0.03889
    183.20     0.03901
    183.40     0.03913
    183.60     0.03925
    183.80     0.03937
    184.00     0.03949
    184.20     0.03960
    184.40     0.03972
    184.60     0.03984
    184.80     0.03996
    185.00     0.04008
    185.20     0.04020
    185.40     0.04033
    185.60     0.04045
    185.80     0.04057
    186.00     0.04069
    186.20     0.04081
    186.40     0.04094
    186.60     0.04106
    186.80     0.04118
    187.00     0.04130
    187.20     0.04143
    187.40     0.04155
    187.60     0.04168
    187.80     0.04180
    188.00     0.04193
    188.20     0.04205
    188.40     0.04218
    188.60     0.04231
    188.80     0.04243
    189.00     0.04256
    189.20     0.04269
    189.40     0.04281
    189.60     0.04294
    189.80     0.04307
    190.00     0.04320
    190.20     0.04333
    190.40     0.04346
    190.60     0.04359
    190.80     0.04372
    191.00     0.04385
    191.20     0.04398
    191.40     0.04411
    191.60     0.04424
    191.80     0.04437
    192.00     0.04450
    192.20     0.04463
    192.40     0.04477
    192.60     0.04490
    192.80     0.04503
    193.00     0.04517
    193.20     0.04530
    193.40     0.04543
    193.60     0.04557
    193.80     0.04570
    194.00     0.04584
    194.20     0.04598
    194.40     0.04611
    194.60     0.04625
    194.80     0.04639
    195.00     0.04652
    195.20     0.04666
    195.40     0.04680
    195.60     0.04694
    195.80     0.04708
    196.00     0.04721
    196.20     0.04735
    196.40     0.04749
    196.60     0.04763
    196.80     0.04778
    197.00     0.04792
    197.20     0.04806
    197.40     0.04820
    197.60     0.04834
    197.80     0.04848
    198.00     0.04863
    198.20     0.04877
    198.40     0.04891
    198.60     0.04906
    198.80     0.04920
    199.00     0.04935
    199.20     0.04949
    199.40     0.04964
    199.60     0.04978
    199.80     0.04993
