    3   12   18
 22.990 32.066 16.000
    1    1  1.0000  0.0000  0.0000
 -1.677267  -0.554660  -0.342384
 -0.084032  -0.058262  -0.093801
  1.511944   0.185555   0.265763
  1.252599   0.243313   0.254530
 -0.238614   0.236489   0.010955
 -0.118385  -0.163450  -0.010233
 -0.123757   0.230333   0.091285
 -0.049649  -0.150950  -0.152477
 -0.084891   0.366027  -0.275431
 -0.006059  -0.268123   0.311884
 -0.189201  -0.018040  -0.143272
 -0.192687  -0.048231   0.083181
    1    2  0.0000  1.0000  0.0000
 -0.553936  -2.807390   0.397096
 -0.057758   0.251833   0.027177
  0.793987   2.375528  -0.242015
 -0.370115  -0.368973  -0.362732
  0.126024  -0.397155  -0.152050
  0.002013   0.098890   0.078696
 -0.009145   0.265280   0.351199
 -0.033790   0.226998   0.124872
  0.145060   0.388282  -0.152201
 -0.008599   0.221535  -0.205000
 -0.106236  -0.354902   0.189432
  0.072495   0.100073  -0.054474
    1    3  0.0000  0.0000  1.0000
 -0.341571   0.396308  -3.351767
 -0.092952   0.027233   0.373821
 -0.101378   0.376344  -0.926499
  0.681418  -0.883653   2.255014
  0.159332  -0.065815  -0.061898
 -0.150476   0.055020  -0.099733
  0.096056   0.166626   0.289697
 -0.192443   0.358202  -0.159113
 -0.053833  -0.280619   0.324932
  0.091877  -0.136747   0.236325
 -0.000666  -0.176313   0.425221
 -0.095365   0.163416   0.693999
    3    1  1.0000  0.0000  0.0000
  1.518333   0.803978  -0.097837
  1.263432  -0.391030   0.707297
-75.464451 -13.037432 -11.086562
 -0.921245  -0.024050  -0.085775
  3.512959  -0.886306   0.497249
  2.360823  -0.158544  -2.557351
 20.743908  13.405742 -12.121991
  0.324735  -0.150874  -0.358889
 30.707780  11.132842  14.757589
  0.737924   0.292236   0.596500
 15.012533 -10.969327  10.086989
  0.203269  -0.017237  -0.337220
    3    2  0.0000  1.0000  0.0000
  0.167642   2.352080   0.390199
  0.246714  -0.392495  -0.891735
-13.031027 -69.785987  18.782089
 -0.021212   5.282512   2.253285
 -2.084890  11.604301   4.453641
  0.486087  -2.961793  -1.411650
 13.567473  20.549703 -12.271232
  0.693421  -1.109513  -0.823762
 11.414275  12.540444   5.622766
 -0.362041  -1.001897  -0.930960
-11.061658  24.132610 -15.066794
 -0.014785  -1.209965  -0.105847
    3    3  0.0000  0.0000  1.0000
  0.310019  -0.349943  -0.709026
  0.296878  -0.470438   2.588928
-10.789881  18.256820 -67.175290
 -0.187729   2.686499   5.062415
  0.313171   2.960863   4.465942
 -2.625076  -0.750038   2.844500
-12.056545 -11.664328  18.559758
  0.230167  -0.316063  -0.909787
 14.810064   5.687612  16.312746
 -0.377961  -0.847013  -0.938006
  9.924365 -14.725485  20.553636
  0.152529  -0.468486  -0.655815
    5    1  1.0000  0.0000  0.0000
 -0.244148   0.125603   0.155146
 -0.112648   0.000696  -0.158766
  3.535726  -2.062757   0.482784
  2.360429   0.484703  -2.654629
-12.099478  -1.635247   8.191536
  5.135769   4.151495  -3.787178
  1.814394  -0.176302  -2.624707
 -0.262842  -0.613833  -0.113755
 -0.276750   1.488147   1.036847
 -0.175245  -0.026654   0.252428
  0.426209  -1.883514  -1.148781
 -0.101417   0.147665   0.369075
    5    2  0.0000  1.0000  0.0000
  0.235451  -0.392421  -0.059067
 -0.161383   0.100575   0.054820
 -0.855001  11.628583   2.878744
 -0.148585  -2.910174  -0.884179
 -1.630841 -22.294919  -3.000660
  4.161877  10.026932  -2.589251
  1.217150  -0.698962  -1.528639
 -0.844019   0.089431   1.075290
 -0.082637   1.267337   2.047312
 -0.057365   0.363938   0.506716
 -1.701107   2.383829   1.171255
 -0.133539   0.435850   0.327658
    5    3  0.0000  0.0000  1.0000
  0.014180  -0.147615  -0.060619
 -0.017716   0.077738  -0.099703
  0.498395   4.427117   4.693108
 -2.546222  -1.391244   2.571346
  8.200489  -2.996757 -15.510586
 -3.779809  -2.582377   4.930358
 -2.141745   0.097821   2.261841
 -0.318393   0.841199   0.431536
 -0.422582   2.324643   1.517689
  0.089087   0.041690  -0.179016
  0.168736  -0.834309  -0.375245
  0.255581   0.142093  -0.180709
    7    1  1.0000  0.0000  0.0000
 -0.115775  -0.013194   0.081949
 -0.051311  -0.026193  -0.189426
 20.741543  13.565535 -12.263472
  0.290504   0.690806   0.202808
  1.822153   1.206582  -2.155287
 -0.254730  -0.845486  -0.332801
-24.174664 -15.932640  15.462780
  0.368142  -0.089194  -0.144101
  2.617711   2.600302  -1.301302
 -0.204141  -0.206109  -0.231160
 -1.048143  -0.892910   0.770110
  0.008713  -0.057500   0.099901
    7    2  0.0000  1.0000  0.0000
  0.228130   0.248398   0.155717
 -0.148803   0.240767   0.351345
 13.378892  20.611655 -11.829878
 -0.170592  -1.108958  -0.069332
 -0.170733  -0.707734   0.084118
 -0.606496   0.086154   0.829231
-15.931047 -22.719758  14.007293
 -0.082944   0.432129  -0.147373
  1.895045   0.414303  -0.900121
  0.134259   0.852160   0.127708
  1.463816   1.339693  -2.641867
  0.010473   0.311191   0.033160
    7    3  0.0000  0.0000  1.0000
  0.084593   0.347051   0.308089
 -0.150101   0.112663  -0.157077
-12.096240 -12.258093  18.759696
 -0.349785  -0.820879  -1.382813
 -2.636001  -1.523834   2.276830
 -0.121328   1.073691   0.442354
 15.459833  14.007371 -21.065516
 -0.143407  -0.144024   0.609019
  1.004345   0.892130  -1.394081
  0.294037   0.433331   0.526664
 -1.394609  -2.209581   0.708766
  0.048663   0.090173   0.368068
    9    1  1.0000  0.0000  0.0000
 -0.087697   0.143074  -0.052320
 -0.009995   0.005863   0.077649
 30.721238  11.336609  15.113015
  0.736716  -0.442101  -0.443566
 -0.280301  -0.054633  -0.409994
 -0.180423  -0.032313   0.103654
  2.616490   1.911475   1.003021
 -0.205232   0.152333   0.295263
-35.531366 -13.343410 -18.183039
  0.155070  -0.085629  -0.161231
  2.146512   0.331511   2.427777
 -0.081011   0.077220   0.229771
    9    2  0.0000  1.0000  0.0000
  0.359469   0.389087  -0.276510
 -0.266659   0.244991  -0.135740
 11.121096  12.561470   5.691199
  0.303957  -1.051757  -0.850272
  1.475974   1.280096   2.329201
 -0.032984   0.380725   0.051826
  2.593206   0.422414   0.894907
 -0.210744   0.860322   0.438468
-13.355105 -14.517164  -7.117188
 -0.097742   0.356547   0.446918
 -1.861231  -1.234479  -1.578248
 -0.029238   0.307746   0.105439
    9    3  0.0000  0.0000  1.0000
 -0.277318  -0.148313   0.338345
  0.299964  -0.190739   0.232630
 14.732806   5.566804  16.529890
  0.598687  -1.014426  -1.332840
  1.022092   2.064509   1.526748
  0.241779   0.523082  -0.168120
 -1.294146  -0.882035  -1.402703
 -0.222570   0.148050   0.517071
-18.177775  -7.110243 -18.441236
 -0.156771   0.458221   0.525358
  3.410116   0.303756   0.975272
 -0.176864   0.281334   0.699586
   11    1  1.0000  0.0000  0.0000
 -0.197835  -0.103172   0.000287
 -0.186706   0.065200  -0.102034
 15.045533 -11.010920  10.105688
  0.204594   0.046175   0.102621
  0.426634  -1.705615   0.162673
 -0.105906  -0.143995   0.249225
 -1.057361   1.457833  -1.391248
 -0.000347  -0.004634   0.054677
  2.135997  -1.879503   3.413004
 -0.087685  -0.039324  -0.172923
-16.324039  13.434263 -12.525850
  0.147120  -0.116307   0.103882
   11    2  0.0000  1.0000  0.0000
 -0.008516  -0.342899  -0.185815
 -0.043597   0.128706   0.176444
-10.972345  24.088410 -15.044651
 -0.026165  -1.308946  -0.332167
 -1.884751   2.404126  -0.810622
  0.139380   0.464480   0.160348
 -0.888479   1.357978  -2.209272
 -0.056596   0.330573   0.093502
  0.328191  -1.223823   0.293746
  0.068390   0.314239   0.265600
 13.448326 -26.725143  17.801114
 -0.103839   0.512298  -0.208226
   11    3  0.0000  0.0000  1.0000
 -0.148050   0.178581   0.430971
  0.077902  -0.057425   0.670894
 10.076271 -14.969813  20.865162
 -0.341745  -0.040367  -0.998469
 -1.146634   1.151303  -0.377545
  0.371942   0.308842  -0.186055
  0.777414  -2.647001   0.699774
  0.108669   0.026154   0.356359
  2.415259  -1.597653   0.969414
  0.224328   0.090522   0.699985
-12.522501  17.782726 -23.472291
  0.107144  -0.225870   0.341802
