# epsilon and Z* of atoms PDielec/PDGui file format 
   2.27979183    0.00000000    0.00000000    0.00000000    2.27979183    0.00000000    0.00000000    0.00000000    2.66576960 
  -0.93473625    0.13379000    0.00000000    0.13379000   -0.93473625    0.00000000    0.00000000    0.00000000   -2.64001250 
  -0.93473625   -0.13379000    0.00000000   -0.13379000   -0.93473625    0.00000000    0.00000000    0.00000000   -2.64001250 
  -1.10340625   -0.46182000    0.25044000   -0.46182000   -1.10340625    0.25044000    0.26254000    0.26254000   -1.03808250 
  -1.10340625    0.46182000   -0.25044000    0.46182000   -1.10340625    0.25044000   -0.26254000    0.26254000   -1.03808250 
  -1.10340625   -0.46182000   -0.25044000   -0.46182000   -1.10340625   -0.25044000   -0.26254000   -0.26254000   -1.03808250 
  -1.10340625    0.46182000    0.25044000    0.46182000   -1.10340625   -0.25044000    0.26254000   -0.26254000   -1.03808250 
   1.35773375    1.07043000    0.00000000    1.07043000    1.35773375    0.00000000    0.00000000    0.00000000    2.82714750 
   1.35773375   -1.07043000    0.00000000   -1.07043000    1.35773375    0.00000000    0.00000000    0.00000000    2.82714750 
   0.57743375    0.27851000    0.16527000    0.27851000    0.57743375    0.16527000    0.19263000    0.19263000    0.25469750 
   0.57743375   -0.27851000   -0.16527000   -0.27851000    0.57743375    0.16527000   -0.19263000    0.19263000    0.25469750 
   0.57743375    0.27851000   -0.16527000    0.27851000    0.57743375   -0.16527000   -0.19263000   -0.19263000    0.25469750 
   0.57743375   -0.27851000    0.16527000   -0.27851000    0.57743375   -0.16527000    0.19263000   -0.19263000    0.25469750 
   0.31447375   -0.07986000    0.03652000   -0.07986000    0.31447375    0.03652000    0.10197000    0.10197000    0.68981750 
   0.31447375    0.07986000   -0.03652000    0.07986000    0.31447375    0.03652000   -0.10197000    0.10197000    0.68981750 
   0.31447375   -0.07986000   -0.03652000   -0.07986000    0.31447375   -0.03652000   -0.10197000   -0.10197000    0.68981750 
   0.31447375    0.07986000    0.03652000    0.07986000    0.31447375   -0.03652000    0.10197000   -0.10197000    0.68981750 
